0 FILE Plants.io
0 Untitled Model
0 Name:  Plants
0 Author:  
0 CustomBrick
10 2 False 0 290.000000 -10.000000 210.000000 1.000000 0.000000 0.000000 0.000000 1.000000 0.000000 0.000000 0.000000 1.000000 19119.dat
10 2 False 0 298.511300 -37.883800 195.446400 0.965384 -0.254298 0.058012 0.254298 0.868163 -0.426176 0.058012 0.426176 0.902778 24866.dat
10 2 False 0 315.945800 -22.388800 210.000000 0.358368 -0.933581 0.000000 0.933581 0.358368 0.000000 0.000000 0.000000 1.000000 24866.dat
10 2 False 0 276.289900 -23.236100 234.060600 -0.091562 0.493663 -0.864820 0.937983 0.334372 0.091561 0.334372 -0.802802 -0.493664 24866.dat
10 2 False 0 273.175500 -37.947800 210.000000 -0.871231 0.490874 0.000000 0.490874 0.871231 0.000000 0.000000 0.000000 -1.000000 24866.dat
10 2 False 0 298.453300 -37.732700 224.438500 -0.965079 -0.255462 -0.057983 -0.199592 0.860431 -0.468853 0.169664 -0.440907 -0.881371 24866.dat
10 2 False 0 277.147400 -22.413900 187.604300 -0.011206 0.455940 0.889940 0.915879 0.361855 -0.173856 -0.401297 0.813129 -0.421641 24866.dat
10 70 False 0 290.000000 -4.000000 210.000000 1.000000 0.000000 0.000000 0.000000 1.000000 0.000000 0.000000 0.000000 1.000000 85861.dat
10 10 False 0 290.000000 0.000000 610.000000 1.000000 0.000000 0.000000 0.000000 1.000000 0.000000 0.000000 0.000000 1.000000 15279.dat
10 70 False 0 310.000000 -8.000000 390.000000 1.000000 0.000000 0.000000 0.000000 1.000000 0.000000 0.000000 0.000000 1.000000 85861.dat
10 2 False 0 310.000000 -16.000000 390.000000 1.000000 0.000000 0.000000 0.000000 1.000000 0.000000 0.000000 0.000000 1.000000 32607.dat
10 2 False 0 310.000000 -24.000000 390.000000 -1.000000 0.000000 0.000000 0.000000 1.000000 0.000000 0.000000 0.000000 -1.000000 32607.dat
10 2 False 0 170.000000 -2.000000 470.000000 0.000000 0.000000 1.000000 0.000000 1.000000 0.000000 -1.000000 0.000000 0.000000 55236.dat
10 70 False 0 170.000000 -8.000000 470.000000 1.000000 0.000000 0.000000 0.000000 1.000000 0.000000 0.000000 0.000000 1.000000 85861.dat
10 2 False 0 190.000000 0.000000 390.000000 0.000000 0.000000 -1.000000 0.000000 1.000000 0.000000 1.000000 0.000000 0.000000 55236.dat
10 70 False 0 190.000000 -6.000000 390.000000 -1.000000 0.000000 0.000000 0.000000 1.000000 0.000000 0.000000 0.000000 -1.000000 85861.dat
10 2 False 0 210.000000 0.000000 430.000000 0.000000 0.000000 -1.000000 0.000000 1.000000 0.000000 1.000000 0.000000 0.000000 55236.dat
10 70 False 0 210.001900 -6.000000 430.002300 -1.000017 0.000000 0.000000 0.000000 1.000000 0.000000 0.000000 0.000000 -1.000017 85861.dat
10 2 False 0 150.000000 0.000000 510.000000 0.000001 0.000000 1.000000 0.000000 1.000000 0.000000 -1.000000 0.000000 0.000001 55236.dat
10 70 False 0 150.000000 -6.000000 509.999900 1.000000 0.000000 0.000000 0.000000 1.000000 0.000000 0.000000 0.000000 1.000000 85861.dat
10 2 False 0 330.000000 -16.000000 50.000000 1.000000 0.000000 0.000000 0.000000 1.000000 0.000000 0.000000 0.000000 1.000000 3741.dat
10 4 False 0 349.192800 -40.729600 38.810800 0.913619 -0.403810 0.047298 0.403810 0.887722 -0.221105 0.047298 0.221105 0.974102 3742.dat
10 4 False 0 330.000000 -34.009100 69.113300 1.000000 0.000000 0.000000 0.000000 0.900871 0.434086 0.000000 -0.434086 0.900871 3742.dat
10 4 False 0 312.138200 -37.262000 39.746900 0.920430 0.388389 -0.044292 -0.388390 0.895776 -0.216194 -0.044292 0.216194 0.975345 3742.dat
10 2 False 0 330.000000 -16.000000 -50.000000 1.000000 0.000000 0.000000 0.000000 1.000000 0.000000 0.000000 0.000000 1.000000 3741.dat
10 14 False 0 349.192800 -40.729600 -61.189200 0.913619 -0.403810 0.047298 0.403810 0.887722 -0.221105 0.047298 0.221105 0.974102 3742.dat
10 14 False 0 330.000000 -34.009100 -30.886700 1.000000 0.000000 0.000000 0.000000 0.900871 0.434086 0.000000 -0.434086 0.900871 3742.dat
10 14 False 0 312.138200 -37.262000 -60.253100 0.920430 0.388389 -0.044292 -0.388390 0.895776 -0.216194 -0.044292 0.216194 0.975345 3742.dat
10 2 False 0 330.000000 -16.000000 -170.000000 1.000000 0.000000 0.000000 0.000000 1.000000 0.000000 0.000000 0.000000 1.000000 3741.dat
10 13 False 0 349.192800 -40.729600 -181.189200 0.913619 -0.403810 0.047298 0.403810 0.887722 -0.221105 0.047298 0.221105 0.974102 3742.dat
10 13 False 0 330.000000 -34.009100 -150.886700 1.000000 0.000000 0.000000 0.000000 0.900871 0.434086 0.000000 -0.434086 0.900871 3742.dat
10 13 False 0 312.138200 -37.262000 -180.253100 0.920430 0.388389 -0.044292 -0.388390 0.895776 -0.216194 -0.044292 0.216194 0.975345 3742.dat
10 2 False 0 430.000000 -10.000000 210.000000 1.000000 0.000000 0.000000 0.000000 1.000000 0.000000 0.000000 0.000000 1.000000 19119.dat
10 4 False 0 438.511300 -37.883800 195.446400 0.965384 -0.254298 0.058012 0.254298 0.868163 -0.426176 0.058012 0.426176 0.902778 24866.dat
10 4 False 0 455.945800 -22.388800 210.000000 0.358368 -0.933581 0.000000 0.933581 0.358368 0.000000 0.000000 0.000000 1.000000 24866.dat
10 4 False 0 416.289900 -23.236100 234.060600 -0.091562 0.493663 -0.864820 0.937983 0.334372 0.091561 0.334372 -0.802802 -0.493664 24866.dat
10 4 False 0 413.175500 -37.947800 210.000000 -0.871231 0.490874 0.000000 0.490874 0.871231 0.000000 0.000000 0.000000 -1.000000 24866.dat
10 4 False 0 438.453300 -37.732700 224.438500 -0.965079 -0.255462 -0.057983 -0.199592 0.860431 -0.468853 0.169664 -0.440907 -0.881371 24866.dat
10 4 False 0 417.147400 -22.413900 187.604300 -0.011206 0.455940 0.889940 0.915879 0.361855 -0.173856 -0.401297 0.813129 -0.421641 24866.dat
10 70 False 0 430.000000 -4.000000 210.000000 1.000000 0.000000 0.000000 0.000000 1.000000 0.000000 0.000000 0.000000 1.000000 85861.dat
10 2 False 0 410.000000 -10.000000 310.000000 1.000000 0.000000 0.000000 0.000000 1.000000 0.000000 0.000000 0.000000 1.000000 19119.dat
10 25 False 0 418.511300 -37.883800 295.446400 0.965384 -0.254298 0.058012 0.254298 0.868163 -0.426176 0.058012 0.426176 0.902778 24866.dat
10 25 False 0 435.945800 -22.388800 310.000000 0.358368 -0.933581 0.000000 0.933581 0.358368 0.000000 0.000000 0.000000 1.000000 24866.dat
10 25 False 0 396.289900 -23.236100 334.060600 -0.091562 0.493663 -0.864820 0.937983 0.334372 0.091561 0.334372 -0.802802 -0.493664 24866.dat
10 25 False 0 393.175500 -37.947800 310.000000 -0.871231 0.490874 0.000000 0.490874 0.871231 0.000000 0.000000 0.000000 -1.000000 24866.dat
10 25 False 0 418.453300 -37.732700 324.438500 -0.965079 -0.255462 -0.057983 -0.199592 0.860431 -0.468853 0.169664 -0.440907 -0.881371 24866.dat
10 25 False 0 397.147400 -22.413900 287.604300 -0.011206 0.455940 0.889940 0.915879 0.361855 -0.173856 -0.401297 0.813129 -0.421641 24866.dat
10 70 False 0 410.000000 -4.000000 310.000000 1.000000 0.000000 0.000000 0.000000 1.000000 0.000000 0.000000 0.000000 1.000000 85861.dat
10 2 False 0 290.000000 -10.000000 310.000000 1.000000 0.000000 0.000000 0.000000 1.000000 0.000000 0.000000 0.000000 1.000000 19119.dat
10 15 False 0 298.511300 -37.883800 295.446400 0.965384 -0.254298 0.058012 0.254298 0.868163 -0.426176 0.058012 0.426176 0.902778 24866.dat
10 15 False 0 315.945800 -22.388800 310.000000 0.358368 -0.933581 0.000000 0.933581 0.358368 0.000000 0.000000 0.000000 1.000000 24866.dat
10 15 False 0 276.289900 -23.236100 334.060600 -0.091562 0.493663 -0.864820 0.937983 0.334372 0.091561 0.334372 -0.802802 -0.493664 24866.dat
10 15 False 0 273.175500 -37.947800 310.000000 -0.871231 0.490874 0.000000 0.490874 0.871231 0.000000 0.000000 0.000000 -1.000000 24866.dat
10 15 False 0 298.453300 -37.732700 324.438500 -0.965079 -0.255462 -0.057983 -0.199592 0.860431 -0.468853 0.169664 -0.440907 -0.881371 24866.dat
10 15 False 0 277.147400 -22.413900 287.604300 -0.011206 0.455940 0.889940 0.915879 0.361855 -0.173856 -0.401297 0.813129 -0.421641 24866.dat
10 70 False 0 290.000000 -4.000000 310.000000 1.000000 0.000000 0.000000 0.000000 1.000000 0.000000 0.000000 0.000000 1.000000 85861.dat
10 27 False 0 290.000000 0.000000 690.000000 1.000000 0.000000 0.000000 0.000000 1.000000 0.000000 0.000000 0.000000 1.000000 15279.dat
10 330 False 0 290.000000 0.000000 770.000000 1.000000 0.000000 0.000000 0.000000 1.000000 0.000000 0.000000 0.000000 1.000000 15279.dat
10 70 False 0 410.000000 -8.000000 -450.000000 -1.000000 0.000000 0.000000 0.000000 1.000000 0.000000 0.000000 0.000000 -1.000000 85861.dat
10 2 False 0 370.000000 -16.000000 -490.000000 1.000000 0.000000 0.000000 0.000000 1.000000 0.000000 0.000000 0.000000 1.000000 2417.dat
10 2 False 0 370.000000 -24.000000 -410.000000 -1.000000 0.000000 0.000000 0.000000 1.000000 0.000000 0.000000 0.000000 -1.000000 2417.dat
10 70 False 0 330.000000 -8.000000 -450.000000 -1.000000 0.000000 0.000000 0.000000 1.000000 0.000000 0.000000 0.000000 -1.000000 85861.dat
10 10 False 0 370.000000 -16.000000 -350.000000 0.000000 0.000000 -1.000000 0.000000 1.000000 0.000000 1.000000 0.000000 0.000000 2423.dat
10 10 False 0 370.000000 -8.000000 -550.000000 0.000000 0.000000 1.000000 0.000000 1.000000 0.000000 -1.000000 0.000000 0.000000 2423.dat
10 70 False 0 450.000000 -8.000000 -10.000000 1.000000 0.000000 0.000000 0.000000 1.000000 0.000000 0.000000 0.000000 1.000000 85861.dat
10 2 False 0 450.000000 -16.000000 -10.000000 -1.000000 0.000000 0.000000 0.000000 1.000000 0.000000 0.000000 0.000000 -1.000000 24866.dat
10 2 False 0 490.000000 -16.000000 -230.000000 1.000000 0.000000 0.000000 0.000000 1.000000 0.000000 0.000000 0.000000 1.000000 3741.dat
10 2 False 0 470.000000 -16.000000 -210.000000 1.000000 0.000000 0.000000 0.000000 1.000000 0.000000 0.000000 0.000000 1.000000 3741.dat
10 2 False 0 490.000000 -16.000000 -190.000000 1.000000 0.000000 0.000000 0.000000 1.000000 0.000000 0.000000 0.000000 1.000000 3741.dat
10 2 False 0 470.000000 -16.000000 -170.000000 1.000000 0.000000 0.000000 0.000000 1.000000 0.000000 0.000000 0.000000 1.000000 3741.dat
10 2 False 0 490.000000 -16.000000 -150.000000 1.000000 0.000000 0.000000 0.000000 1.000000 0.000000 0.000000 0.000000 1.000000 3741.dat
10 2 False 0 470.000000 -16.000000 -130.000000 1.000000 0.000000 0.000000 0.000000 1.000000 0.000000 0.000000 0.000000 1.000000 3741.dat
10 2 False 0 490.000000 -16.000000 -110.000000 1.000000 0.000000 0.000000 0.000000 1.000000 0.000000 0.000000 0.000000 1.000000 3741.dat
10 2 False 0 470.000000 -16.000000 -90.000000 1.000000 0.000000 0.000000 0.000000 1.000000 0.000000 0.000000 0.000000 1.000000 3741.dat
10 2 False 0 490.000000 -16.000000 -270.000000 1.000000 0.000000 0.000000 0.000000 1.000000 0.000000 0.000000 0.000000 1.000000 3741.dat
10 2 False 0 470.000000 -16.000000 -250.000000 1.000000 0.000000 0.000000 0.000000 1.000000 0.000000 0.000000 0.000000 1.000000 3741.dat
10 70 False 0 450.000000 -8.000000 30.000000 1.000000 0.000000 0.000000 0.000000 1.000000 0.000000 0.000000 0.000000 1.000000 85861.dat
10 2 False 0 450.000000 -16.000000 30.000000 -1.000000 0.000000 0.000000 0.000000 1.000000 0.000000 0.000000 0.000000 -1.000000 24866.dat
10 2 False 0 450.000000 -24.000000 30.000000 -1.000000 0.000000 0.000000 0.000000 1.000000 0.000000 0.000000 0.000000 -1.000000 24866.dat
10 70 False 0 450.000000 -8.000000 70.000000 1.000000 0.000000 0.000000 0.000000 1.000000 0.000000 0.000000 0.000000 1.000000 85861.dat
10 10 False 0 450.000000 -16.000000 70.000000 -1.000000 0.000000 0.000000 0.000000 1.000000 0.000000 0.000000 0.000000 -1.000000 24866.dat
10 70 False 0 450.000000 -8.000000 110.000000 1.000000 0.000000 0.000000 0.000000 1.000000 0.000000 0.000000 0.000000 1.000000 85861.dat
10 10 False 0 450.000000 -16.000000 110.000000 -1.000000 0.000000 0.000000 0.000000 1.000000 0.000000 0.000000 0.000000 -1.000000 24866.dat
10 10 False 0 450.000000 -24.000000 110.000000 -1.000000 0.000000 0.000000 0.000000 1.000000 0.000000 0.000000 0.000000 -1.000000 24866.dat
10 70 False 0 550.000000 -8.000000 -10.000000 1.000000 0.000000 0.000000 0.000000 1.000000 0.000000 0.000000 0.000000 1.000000 85861.dat
10 27 False 0 550.000000 -16.000000 -10.000000 -1.000000 0.000000 0.000000 0.000000 1.000000 0.000000 0.000000 0.000000 -1.000000 24866.dat
10 70 False 0 549.999900 -8.000000 30.000000 1.000000 0.000000 0.000000 0.000000 1.000000 0.000000 0.000000 0.000000 1.000000 85861.dat
10 27 False 0 550.000000 -16.000000 30.000000 -1.000000 0.000000 0.000000 0.000000 1.000000 0.000000 0.000000 0.000000 -1.000000 24866.dat
10 27 False 0 550.000000 -24.000000 30.000000 -1.000000 0.000000 0.000000 0.000000 1.000000 0.000000 0.000000 0.000000 -1.000000 24866.dat
10 16 False 0 -30.000000 0.000000 -1630.000000 1.000000 0.000000 0.000000 0.000000 1.000000 0.000000 0.000000 0.000000 1.000000 extra tall tree
10 16 False 0 30.000000 0.000000 -1290.000000 1.000000 0.000000 0.000000 0.000000 1.000000 0.000000 0.000000 0.000000 1.000000 tall bright tree
10 16 False 0 10.000000 0.000000 -1050.000000 1.000000 0.000000 0.000000 0.000000 1.000000 0.000000 0.000000 0.000000 1.000000 medium bright tree
10 16 False 0 -10.000000 0.000000 -790.000000 1.000000 0.000000 0.000000 0.000000 1.000000 0.000000 0.000000 0.000000 1.000000 small bright tree
10 16 False 0 -30.000000 0.000000 -570.000000 1.000000 0.000000 0.000000 0.000000 1.000000 0.000000 0.000000 0.000000 1.000000 extra small bright tree
10 16 False 0 -70.000000 0.000000 -1890.000000 1.000000 0.000000 0.000000 0.000000 1.000000 0.000000 0.000000 0.000000 1.000000 small one-sided tree
10 16 False 0 -50.000000 0.000000 -2110.000000 1.000000 0.000000 0.000000 0.000000 1.000000 0.000000 0.000000 0.000000 1.000000 medium one-sided tree
10 16 False 0 10.000000 0.000000 -290.000000 1.000000 0.000000 0.000000 0.000000 1.000000 0.000000 0.000000 0.000000 1.000000 tall tree
10 16 False 0 -10.000000 0.000000 -50.000000 1.000000 0.000000 0.000000 0.000000 1.000000 0.000000 0.000000 0.000000 1.000000 medium tree
10 16 False 0 -30.000000 0.000000 210.000000 1.000000 0.000000 0.000000 0.000000 1.000000 0.000000 0.000000 0.000000 1.000000 small tree
10 16 False 0 -50.000000 0.000000 430.000000 1.000000 0.000000 0.000000 0.000000 1.000000 0.000000 0.000000 0.000000 1.000000 extra small tree
10 16 False 0 -70.000000 0.000000 690.000000 1.000000 0.000000 0.000000 0.000000 1.000000 0.000000 0.000000 0.000000 1.000000 dark large tree
10 16 False 0 -90.000000 0.000000 930.000000 1.000000 0.000000 0.000000 0.000000 1.000000 0.000000 0.000000 0.000000 1.000000 dark medium tree
10 16 False 0 -110.000000 0.000000 1190.000000 1.000000 0.000000 0.000000 0.000000 1.000000 0.000000 0.000000 0.000000 1.000000 dark small tree
10 16 False 0 -130.000000 0.000000 1410.000000 1.000000 0.000000 0.000000 0.000000 1.000000 0.000000 0.000000 0.000000 1.000000 dark extra small tree
0 NOFILE
0 FILE Extra Tall Tree
0 Extra Tall Tree
0 Name:  Extra Tall Tree
0 Author:  
0 CustomBrick
0 NumOfBricks:  35
10 308 False 0 0.000000 -120.000000 0.000000 1.000000 0.000000 0.000000 0.000000 1.000000 0.000000 0.000000 0.000000 1.000000 3062b.dat
10 308 False 0 0.000000 -144.000000 0.000000 1.000000 0.000000 0.000000 0.000000 1.000000 0.000000 0.000000 0.000000 1.000000 3062b.dat
10 308 False 0 0.000000 -168.000000 0.000000 1.000000 0.000000 0.000000 0.000000 1.000000 0.000000 0.000000 0.000000 1.000000 3062b.dat
10 2 False 0 0.000000 -176.000000 0.000000 1.000000 0.000000 0.000000 0.000000 1.000000 0.000000 0.000000 0.000000 1.000000 2417.dat
10 2 False 0 0.000000 -184.000000 0.000000 -1.000000 0.000000 0.000000 0.000000 1.000000 0.000000 0.000000 0.000000 -1.000000 2423.dat
10 2 False 0 0.000000 -192.000000 0.000000 0.342010 0.000000 0.939691 0.000000 1.000000 0.000000 -0.939691 0.000000 0.342010 2417.dat
10 2 False 0 0.000000 -200.000000 0.000000 -0.342010 0.000000 -0.939691 0.000000 1.000000 0.000000 0.939691 0.000000 -0.342010 2423.dat
10 2 False 0 0.000000 -208.000000 0.000000 -0.766050 0.000000 0.642781 0.000000 1.000000 0.000000 -0.642781 0.000000 -0.766050 2417.dat
10 2 False 0 -0.000100 -216.000000 0.000000 0.766050 0.000000 -0.642781 0.000000 1.000000 0.000000 0.642781 0.000000 0.766050 2423.dat
10 2 False 0 -0.000100 -224.000000 0.000000 -0.866021 0.000000 -0.500005 0.000000 1.000000 0.000000 0.500005 0.000000 -0.866021 2417.dat
10 308 False 0 0.000000 -96.000000 0.000000 1.000000 0.000000 0.000000 0.000000 1.000000 0.000000 0.000000 0.000000 1.000000 3062b.dat
10 2 False 0 -0.000100 -232.000000 0.000000 0.866022 0.000000 0.500006 0.000000 1.000000 0.000000 -0.500006 0.000000 0.866022 2423.dat
10 2 False 0 -0.000100 -240.000000 0.000000 -0.342030 0.000000 0.939689 0.000000 1.000000 0.000000 -0.939689 0.000000 -0.342030 2417.dat
10 2 False 0 0.000000 -248.000000 0.000200 0.342029 0.000000 -0.939692 0.000000 1.000000 0.000000 0.939690 0.000000 0.342030 2423.dat
10 2 False 0 0.000000 -256.000000 0.000200 1.000000 0.000000 0.000012 0.000000 1.000000 0.000000 -0.000012 0.000000 1.000000 2417.dat
10 2 False 0 0.000000 -264.000000 0.000200 -1.000000 0.000000 -0.000012 0.000000 1.000000 0.000000 0.000012 0.000000 -1.000000 2423.dat
10 2 False 0 -0.016600 -384.000000 0.002200 0.500005 0.000000 -0.866012 0.000000 1.000000 0.000000 0.866011 0.000000 0.500026 32607.dat
10 2 False 0 -0.022400 -392.000000 0.006600 -0.381080 0.000000 0.924541 0.000000 1.000000 0.000000 -0.924538 0.000000 -0.381101 32607.dat
10 2 False 0 -0.006500 -368.000000 -0.009900 0.000027 0.000000 -0.999998 0.000000 1.000000 0.000000 1.000001 0.000000 0.000026 2423.dat
10 2 False 0 -0.016500 -376.000000 0.002600 0.866012 0.000000 0.500004 0.000000 1.000000 0.000000 -0.500026 0.000000 0.866011 2423.dat
10 308 False 0 0.000000 -48.000000 0.000000 1.000000 0.000000 0.000000 0.000000 1.000000 0.000000 0.000000 0.000000 1.000000 3062b.dat
10 308 False 0 0.000000 -72.000000 0.000000 1.000000 0.000000 0.000000 0.000000 1.000000 0.000000 0.000000 0.000000 1.000000 3062b.dat
10 308 False 0 0.000000 -24.000000 0.000000 1.000000 0.000000 0.000000 0.000000 1.000000 0.000000 0.000000 0.000000 1.000000 3062b.dat
10 2 False 0 0.000000 -272.000000 0.000000 -0.499987 0.000000 -0.866033 0.000000 1.000000 0.000000 0.866033 0.000000 -0.499987 2417.dat
10 2 False 0 0.000100 -280.000000 0.000000 0.499987 0.000000 0.866033 0.000000 1.000000 0.000000 -0.866033 0.000000 0.499987 2423.dat
10 2 False 0 0.000100 -288.000000 0.000000 0.642803 0.000000 -0.766025 0.000000 1.000000 0.000000 0.766025 0.000000 0.642803 2417.dat
10 2 False 0 0.000100 -296.000000 0.000000 -0.642803 0.000000 0.766025 0.000000 1.000000 0.000000 -0.766025 0.000000 -0.642803 2423.dat
10 2 False 0 0.000100 -304.000000 0.000000 0.939685 0.000000 0.342043 0.000000 1.000000 0.000000 -0.342043 0.000000 0.939685 2417.dat
10 2 False 0 0.000100 -312.000000 0.000000 -0.939685 0.000000 -0.342043 0.000000 1.000000 0.000000 0.342043 0.000000 -0.939685 2423.dat
10 2 False 0 0.000100 -320.000000 0.000000 -0.000022 0.000000 0.999999 0.000000 1.000000 0.000000 -0.999999 0.000000 -0.000022 2417.dat
10 2 False 0 0.000100 -328.000000 0.000000 0.000022 0.000000 -1.000000 0.000000 1.000000 0.000000 1.000000 0.000000 0.000022 2423.dat
10 2 False 0 0.000100 -336.000000 0.000000 0.984813 0.000000 -0.173623 0.000000 1.000000 0.000000 0.173623 0.000000 0.984813 2417.dat
10 2 False 0 -0.000400 -344.000000 0.000200 -0.984813 0.000000 0.173624 0.000000 1.000000 0.000000 -0.173624 0.000000 -0.984815 2423.dat
10 2 False 0 -0.000400 -352.000000 0.000200 -0.499977 0.000000 -0.866039 0.000000 1.000000 0.000000 0.866039 0.000000 -0.499977 2417.dat
10 2 False 0 -0.006500 -360.000000 -0.009900 -0.866039 0.000000 0.499974 0.000000 1.000000 0.000000 -0.499977 0.000000 -0.866039 2423.dat
0 NOFILE
0 FILE Tall Bright Tree
0 Tall Bright Tree
0 Name:  Tall Bright Tree
0 Author:  
0 CustomBrick
0 NumOfBricks:  20
10 308 False 0 0.000000 -48.000000 0.000000 1.000000 0.000000 0.000000 0.000000 1.000000 0.000000 0.000000 0.000000 1.000000 3062b.dat
10 308 False 0 0.000000 -72.000000 0.000000 1.000000 0.000000 0.000000 0.000000 1.000000 0.000000 0.000000 0.000000 1.000000 3062b.dat
10 308 False 0 0.000000 -96.000000 0.000000 1.000000 0.000000 0.000000 0.000000 1.000000 0.000000 0.000000 0.000000 1.000000 3062b.dat
10 2 False 0 0.000000 -104.000000 0.000000 1.000000 0.000000 0.000000 0.000000 1.000000 0.000000 0.000000 0.000000 1.000000 2417.dat
10 10 False 0 0.000000 -112.000000 0.000000 -1.000000 0.000000 0.000000 0.000000 1.000000 0.000000 0.000000 0.000000 -1.000000 2423.dat
10 10 False 0 0.000000 -120.000000 0.000000 0.342010 0.000000 0.939691 0.000000 1.000000 0.000000 -0.939691 0.000000 0.342010 2417.dat
10 2 False 0 0.000000 -128.000000 0.000000 -0.342010 0.000000 -0.939691 0.000000 1.000000 0.000000 0.939691 0.000000 -0.342010 2423.dat
10 2 False 0 0.000000 -136.000000 0.000000 -0.766050 0.000000 0.642781 0.000000 1.000000 0.000000 -0.642781 0.000000 -0.766050 2417.dat
10 10 False 0 -0.000100 -144.000000 0.000000 0.766050 0.000000 -0.642781 0.000000 1.000000 0.000000 0.642781 0.000000 0.766051 2423.dat
10 10 False 0 -0.000100 -152.000000 0.000000 -0.866021 0.000000 -0.500005 0.000000 1.000000 0.000000 0.500005 0.000000 -0.866021 2417.dat
10 308 False 0 0.000000 -24.000000 0.000000 1.000000 0.000000 0.000000 0.000000 1.000000 0.000000 0.000000 0.000000 1.000000 3062b.dat
10 10 False 0 -0.000100 -160.000000 0.000000 0.866022 0.000000 0.500006 0.000000 1.000000 0.000000 -0.500006 0.000000 0.866022 2423.dat
10 2 False 0 -0.000100 -168.000000 0.000000 -0.342030 0.000000 0.939689 0.000000 1.000000 0.000000 -0.939689 0.000000 -0.342030 2417.dat
10 2 False 0 0.000000 -176.000000 0.000200 0.342029 0.000000 -0.939692 0.000000 1.000000 0.000000 0.939690 0.000000 0.342030 2423.dat
10 10 False 0 0.000000 -184.000000 0.000200 1.000000 0.000000 0.000012 0.000000 1.000000 0.000000 -0.000012 0.000000 1.000000 2417.dat
10 10 False 0 -0.000300 -192.000000 0.000200 -1.000000 0.000000 -0.000011 0.000000 1.000000 0.000000 0.000011 0.000000 -1.000003 2423.dat
10 10 False 0 -0.000300 -216.000000 0.000200 -0.499985 0.000000 -0.866033 0.000000 1.000000 0.000000 0.866034 0.000000 -0.499986 32607.dat
10 10 False 0 -0.000400 -224.000000 0.000100 0.610133 0.000000 0.792302 0.000000 1.000000 0.000000 -0.792302 0.000000 0.610132 32607.dat
10 10 False 0 -0.000300 -200.000000 0.000200 0.500012 0.000000 -0.866019 0.000000 1.000000 0.000000 0.866019 0.000000 0.500012 2423.dat
10 2 False 0 -0.000300 -208.000000 0.000200 0.499986 0.000000 0.866034 0.000000 1.000000 0.000000 -0.866034 0.000000 0.499986 2423.dat
0 NOFILE
0 FILE Medium Bright Tree
0 Medium Bright Tree
0 Name:  Medium Bright Tree
0 Author:  
0 CustomBrick
0 NumOfBricks:  15
10 308 False 0 0.000000 -24.000000 -0.000100 1.000000 0.000000 0.000000 0.000000 1.000000 0.000000 0.000000 0.000000 1.000000 3062b.dat
10 308 False 0 0.000000 -48.000000 -0.000100 1.000000 0.000000 0.000000 0.000000 1.000000 0.000000 0.000000 0.000000 1.000000 3062b.dat
10 308 False 0 0.000000 -72.000000 -0.000100 1.000000 0.000000 0.000000 0.000000 1.000000 0.000000 0.000000 0.000000 1.000000 3062b.dat
10 10 False 0 0.000000 -80.000000 -0.000100 1.000000 0.000000 0.000000 0.000000 1.000000 0.000000 0.000000 0.000000 1.000000 2417.dat
10 10 False 0 0.000000 -88.000000 -0.000100 -1.000000 0.000000 0.000000 0.000000 1.000000 0.000000 0.000000 0.000000 -1.000000 2423.dat
10 2 False 0 0.000000 -96.000000 -0.000100 0.342010 0.000000 0.939691 0.000000 1.000000 0.000000 -0.939691 0.000000 0.342010 2417.dat
10 10 False 0 0.000000 -104.000000 -0.000100 -0.342010 0.000000 -0.939691 0.000000 1.000000 0.000000 0.939691 0.000000 -0.342010 2423.dat
10 10 False 0 0.000000 -112.000000 -0.000100 -0.766050 0.000000 0.642781 0.000000 1.000000 0.000000 -0.642781 0.000000 -0.766050 2417.dat
10 10 False 0 -0.000100 -120.000000 0.000000 0.766050 0.000000 -0.642781 0.000000 1.000000 0.000000 0.642781 0.000000 0.766051 2423.dat
10 2 False 0 -0.000100 -128.000000 0.000000 -0.866021 0.000000 -0.500005 0.000000 1.000000 0.000000 0.500005 0.000000 -0.866021 2417.dat
10 10 False 0 -0.000100 -136.000000 0.000100 0.866021 0.000000 0.500006 0.000000 1.000000 0.000000 -0.500005 0.000000 0.866021 2423.dat
10 10 False 0 -0.000100 -144.000000 0.000100 0.500006 0.000000 -0.866022 0.000000 1.000000 0.000000 0.866022 0.000000 0.500006 2423.dat
10 10 False 0 -0.000100 -152.000000 0.000100 -0.965928 0.000000 0.258812 0.000000 1.000000 0.000000 -0.258812 0.000000 -0.965928 2423.dat
10 2 False 0 -0.000100 -160.000000 0.000100 0.819157 0.000000 -0.573570 0.000000 1.000000 0.000000 0.573570 0.000000 0.819157 32607.dat
10 10 False 0 -0.000100 -168.000000 0.000100 -0.736104 0.000000 0.676869 0.000000 1.000000 0.000000 -0.676869 0.000000 -0.736104 32607.dat
0 NOFILE
0 FILE Small Bright Tree
0 Small Bright Tree
0 Name:  Small Bright Tree
0 Author:  
0 CustomBrick
0 NumOfBricks:  13
10 308 False 0 0.000000 -24.000000 0.000000 1.000000 0.000000 0.000000 0.000000 1.000000 0.000000 0.000000 0.000000 1.000000 3062b.dat
10 308 False 0 0.000000 -48.000000 0.000000 1.000000 0.000000 0.000000 0.000000 1.000000 0.000000 0.000000 0.000000 1.000000 3062b.dat
10 308 False 0 0.000000 -72.000000 0.000000 1.000000 0.000000 0.000000 0.000000 1.000000 0.000000 0.000000 0.000000 1.000000 3062b.dat
10 10 False 0 0.000000 -80.000000 0.000000 1.000000 0.000000 0.000000 0.000000 1.000000 0.000000 0.000000 0.000000 1.000000 2417.dat
10 2 False 0 0.000000 -88.000000 0.000000 -1.000000 0.000000 0.000000 0.000000 1.000000 0.000000 0.000000 0.000000 -1.000000 2423.dat
10 2 False 0 0.000000 -96.000000 0.000000 0.500004 0.000000 -0.866022 0.000000 1.000000 0.000000 0.866022 0.000000 0.500004 2417.dat
10 10 False 0 0.000000 -104.000000 0.000000 -0.500003 0.000000 0.866022 0.000000 1.000000 0.000000 -0.866022 0.000000 -0.500003 2423.dat
10 10 False 0 0.000000 -112.000000 0.000000 0.499986 0.000000 0.866031 0.000000 1.000000 0.000000 -0.866031 0.000000 0.499986 2417.dat
10 2 False 0 -0.000200 -120.000000 0.000000 -0.499986 0.000000 -0.866030 0.000000 1.000000 0.000000 0.866030 0.000000 -0.499986 2423.dat
10 10 False 0 -0.000200 -128.000000 0.000000 1.000000 0.000000 0.000016 0.000000 1.000000 0.000000 -0.000016 0.000000 1.000000 2423.dat
10 2 False 0 -0.000200 -136.000000 0.000000 -0.500019 0.000000 0.866015 0.000000 1.000000 0.000000 -0.866015 0.000000 -0.500019 2423.dat
10 10 False 0 -0.000200 -144.000000 0.000000 1.000000 0.000000 0.000025 0.000000 1.000000 0.000000 -0.000025 0.000000 1.000000 32607.dat
10 10 False 0 -0.000200 -152.000000 0.000000 -1.000000 0.000000 -0.000025 0.000000 1.000000 0.000000 0.000025 0.000000 -1.000000 32607.dat
0 NOFILE
0 FILE Extra Small Bright Tree
0 Extra Small Bright Tree
0 Name:  Extra Small Bright Tree
0 Author:  
0 CustomBrick
0 NumOfBricks:  10
10 308 False 0 0.000000 -24.000000 0.000000 1.000000 0.000000 0.000000 0.000000 1.000000 0.000000 0.000000 0.000000 1.000000 3062b.dat
10 308 False 0 0.000000 -48.000000 0.000000 1.000000 0.000000 0.000000 0.000000 1.000000 0.000000 0.000000 0.000000 1.000000 3062b.dat
10 2 False 0 0.000000 -56.000000 0.000000 0.000000 0.000000 -1.000000 0.000000 1.000000 0.000000 1.000000 0.000000 0.000000 2423.dat
10 10 False 0 0.001100 -64.000000 0.001200 0.866024 0.000000 0.500004 0.000000 1.000000 0.000000 -0.500000 0.000000 0.866027 2423.dat
10 10 False 0 0.001100 -72.000000 0.001200 -0.866032 0.000000 0.499993 0.000000 1.000000 0.000000 -0.499995 0.000000 -0.866030 2423.dat
10 2 False 0 0.000000 -72.000000 0.000000 -0.819152 0.000000 -0.573577 0.000000 1.000000 0.000000 0.573577 0.000000 -0.819152 2423.dat
10 2 False 0 0.001100 -80.000000 0.001200 0.866027 0.000000 -0.499997 0.000000 1.000000 0.000000 0.499997 0.000000 0.866027 2423.dat
10 10 False 0 0.001200 -88.000000 0.001200 -0.000003 0.000000 1.000000 0.000000 1.000000 0.000000 -1.000000 0.000000 -0.000003 2423.dat
10 10 False 0 0.001100 -96.000000 0.001200 1.000000 0.000000 0.000025 0.000000 1.000000 0.000000 -0.000025 0.000000 1.000000 32607.dat
10 2 False 0 0.001200 -104.000000 0.001200 -1.000000 0.000000 -0.000025 0.000000 1.000000 0.000000 0.000025 0.000000 -1.000000 32607.dat
0 NOFILE
0 FILE Small One-sided Tree
0 Small One-sided Tree
0 Name:  Small One-sided Tree
0 Author:  
0 CustomBrick
0 NumOfBricks:  10
10 308 False 0 0.000000 -24.000000 0.000000 1.000000 0.000000 0.000000 0.000000 1.000000 0.000000 0.000000 0.000000 1.000000 3062b.dat
10 308 False 0 0.000000 -48.000000 0.000000 1.000000 0.000000 0.000000 0.000000 1.000000 0.000000 0.000000 0.000000 1.000000 3062b.dat
10 2 False 0 0.000000 -56.000000 0.000000 0.000000 0.000000 -1.000000 0.000000 1.000000 0.000000 1.000000 0.000000 0.000000 2423.dat
10 2 False 0 0.001100 -64.000000 0.001200 0.999999 0.000000 0.000008 0.000000 1.000000 0.000000 -0.000006 0.000000 1.000003 2423.dat
10 2 False 0 0.001100 -72.000000 0.001200 -0.422613 0.000000 -0.906312 0.000000 1.000000 0.000000 0.906314 0.000000 -0.422611 2423.dat
10 2 False 0 0.000000 -72.000000 0.000000 -0.819152 0.000000 -0.573577 0.000000 1.000000 0.000000 0.573577 0.000000 -0.819152 2423.dat
10 2 False 0 0.001100 -80.000000 0.001200 0.866027 0.000000 -0.499997 0.000000 1.000000 0.000000 0.499997 0.000000 0.866027 2423.dat
10 2 False 0 0.001100 -88.000000 0.001200 0.500008 0.000000 -0.866021 0.000000 1.000000 0.000000 0.866021 0.000000 0.500008 2423.dat
10 2 False 0 0.001100 -96.000000 0.001200 0.499977 0.000000 0.866040 0.000000 1.000000 0.000000 -0.866040 0.000000 0.499977 32607.dat
10 2 False 0 0.001300 -104.000000 0.001200 -0.499979 0.000000 -0.866038 0.000000 1.000000 0.000000 0.866038 0.000000 -0.499979 32607.dat
0 NOFILE
0 FILE Medium One-sided Tree
0 Medium One-sided Tree
0 Name:  Medium One-sided Tree
0 Author:  
0 CustomBrick
0 NumOfBricks:  17
10 308 False 0 0.000000 -24.000000 0.000000 1.000000 0.000000 0.000000 0.000000 1.000000 0.000000 0.000000 0.000000 1.000000 3062b.dat
10 308 False 0 0.000000 -48.000000 0.000000 1.000000 0.000000 0.000000 0.000000 1.000000 0.000000 0.000000 0.000000 1.000000 3062b.dat
10 308 False 0 0.000000 -72.000000 0.000000 1.000000 0.000000 0.000000 0.000000 1.000000 0.000000 0.000000 0.000000 1.000000 3062b.dat
10 2 False 0 -0.000600 -152.000000 -0.002400 0.000000 0.000000 1.000007 0.000000 1.000000 0.000000 -1.000007 0.000000 0.000000 32607.dat
10 2 False 0 0.000000 -160.000000 0.000000 -0.000002 0.000000 -1.000000 0.000000 1.000000 0.000000 1.000000 0.000000 -0.000002 32607.dat
10 2 False 0 0.000000 -80.000000 0.000000 0.000000 0.000000 -1.000000 0.000000 1.000000 0.000000 1.000000 0.000000 0.000000 2423.dat
10 2 False 0 0.000900 -88.000000 -0.004900 1.000004 0.000000 0.000009 0.000000 1.000000 0.000000 -0.000006 0.000000 1.000008 2423.dat
10 2 False 0 0.000900 -96.000000 -0.004900 -0.422616 0.000000 -0.906317 0.000000 1.000000 0.000000 0.906319 0.000000 -0.422613 2423.dat
10 2 False 0 -0.000200 -96.000000 -0.006100 -0.819157 0.000000 -0.573579 0.000000 1.000000 0.000000 0.573579 0.000000 -0.819157 2423.dat
10 2 False 0 0.000900 -104.000000 -0.004900 0.866032 0.000000 -0.500000 0.000000 1.000000 0.000000 0.500000 0.000000 0.866032 2423.dat
10 2 False 0 0.000900 -112.000000 -0.004900 0.500011 0.000000 -0.866026 0.000000 1.000000 0.000000 0.866026 0.000000 0.500011 2423.dat
10 2 False 0 0.000000 -120.000000 0.000000 0.000000 0.000000 -1.000000 0.000000 1.000000 0.000000 1.000000 0.000000 0.000000 2423.dat
10 2 False 0 -0.001200 -128.000000 -0.054000 1.000030 0.000000 0.000008 0.000000 1.000000 0.000000 -0.000006 0.000000 1.000034 2423.dat
10 2 False 0 -0.001200 -136.000000 -0.054000 -0.422628 0.000000 -0.906343 0.000000 1.000000 0.000000 0.906345 0.000000 -0.422626 2423.dat
10 2 False 0 -0.002400 -136.000000 -0.055200 -0.819183 0.000000 -0.573592 0.000000 1.000000 0.000000 0.573592 0.000000 -0.819183 2423.dat
10 2 False 0 -0.001200 -144.000000 -0.054000 0.866058 0.000000 -0.500013 0.000000 1.000000 0.000000 0.500012 0.000000 0.866059 2423.dat
10 2 False 0 -0.001200 -152.000000 -0.054000 0.500024 0.000000 -0.866052 0.000000 1.000000 0.000000 0.866052 0.000000 0.500024 2423.dat
0 NOFILE
0 FILE Tall Tree
0 Tall Tree
0 Name:  Tall Tree
0 Author:  
0 CustomBrick
0 NumOfBricks:  20
10 308 False 0 0.000000 -48.000000 0.000000 1.000000 0.000000 0.000000 0.000000 1.000000 0.000000 0.000000 0.000000 1.000000 3062b.dat
10 308 False 0 0.000000 -72.000000 0.000000 1.000000 0.000000 0.000000 0.000000 1.000000 0.000000 0.000000 0.000000 1.000000 3062b.dat
10 308 False 0 0.000000 -96.000000 0.000000 1.000000 0.000000 0.000000 0.000000 1.000000 0.000000 0.000000 0.000000 1.000000 3062b.dat
10 2 False 0 0.000000 -104.000000 0.000000 1.000000 0.000000 0.000000 0.000000 1.000000 0.000000 0.000000 0.000000 1.000000 2417.dat
10 2 False 0 0.000000 -112.000000 0.000000 -1.000000 0.000000 0.000000 0.000000 1.000000 0.000000 0.000000 0.000000 -1.000000 2423.dat
10 2 False 0 0.000000 -120.000000 0.000000 0.342010 0.000000 0.939691 0.000000 1.000000 0.000000 -0.939691 0.000000 0.342010 2417.dat
10 2 False 0 0.000000 -128.000000 0.000000 -0.342010 0.000000 -0.939691 0.000000 1.000000 0.000000 0.939691 0.000000 -0.342010 2423.dat
10 2 False 0 0.000000 -136.000000 0.000000 -0.766050 0.000000 0.642781 0.000000 1.000000 0.000000 -0.642781 0.000000 -0.766050 2417.dat
10 2 False 0 -0.000100 -144.000000 0.000100 0.766050 0.000000 -0.642781 0.000000 1.000000 0.000000 0.642781 0.000000 0.766050 2423.dat
10 2 False 0 -0.000100 -152.000000 0.000100 -0.866021 0.000000 -0.500005 0.000000 1.000000 0.000000 0.500005 0.000000 -0.866021 2417.dat
10 308 False 0 0.000000 -24.000000 0.000000 1.000000 0.000000 0.000000 0.000000 1.000000 0.000000 0.000000 0.000000 1.000000 3062b.dat
10 2 False 0 -0.000100 -160.000000 0.000100 0.866022 0.000000 0.500006 0.000000 1.000000 0.000000 -0.500006 0.000000 0.866022 2423.dat
10 2 False 0 -0.000100 -168.000000 0.000100 -0.342030 0.000000 0.939689 0.000000 1.000000 0.000000 -0.939689 0.000000 -0.342030 2417.dat
10 2 False 0 0.000000 -176.000000 0.000200 0.342029 0.000000 -0.939692 0.000000 1.000000 0.000000 0.939690 0.000000 0.342030 2423.dat
10 2 False 0 0.000000 -184.000000 0.000200 1.000000 0.000000 0.000012 0.000000 1.000000 0.000000 -0.000012 0.000000 1.000000 2417.dat
10 2 False 0 -0.000300 -192.000000 0.000200 -1.000000 0.000000 -0.000011 0.000000 1.000000 0.000000 0.000011 0.000000 -1.000003 2423.dat
10 2 False 0 -0.000300 -216.000000 0.000200 -0.499985 0.000000 -0.866033 0.000000 1.000000 0.000000 0.866034 0.000000 -0.499986 32607.dat
10 2 False 0 -0.000400 -224.000000 0.000100 0.610133 0.000000 0.792302 0.000000 1.000000 0.000000 -0.792302 0.000000 0.610132 32607.dat
10 2 False 0 -0.000300 -200.000000 0.000200 0.500012 0.000000 -0.866019 0.000000 1.000000 0.000000 0.866019 0.000000 0.500012 2423.dat
10 2 False 0 -0.000300 -208.000000 0.000200 0.499986 0.000000 0.866034 0.000000 1.000000 0.000000 -0.866034 0.000000 0.499986 2423.dat
0 NOFILE
0 FILE Medium Tree
0 Medium Tree
0 Name:  Medium Tree
0 Author:  
0 CustomBrick
0 NumOfBricks:  15
10 308 False 0 0.000000 -24.000000 0.000000 1.000000 0.000000 0.000000 0.000000 1.000000 0.000000 0.000000 0.000000 1.000000 3062b.dat
10 308 False 0 0.000000 -48.000000 0.000000 1.000000 0.000000 0.000000 0.000000 1.000000 0.000000 0.000000 0.000000 1.000000 3062b.dat
10 308 False 0 0.000000 -72.000000 0.000000 1.000000 0.000000 0.000000 0.000000 1.000000 0.000000 0.000000 0.000000 1.000000 3062b.dat
10 2 False 0 0.000000 -80.000000 0.000000 1.000000 0.000000 0.000000 0.000000 1.000000 0.000000 0.000000 0.000000 1.000000 2417.dat
10 2 False 0 0.000000 -88.000000 0.000000 -1.000000 0.000000 0.000000 0.000000 1.000000 0.000000 0.000000 0.000000 -1.000000 2423.dat
10 2 False 0 0.000000 -96.000000 0.000000 0.342010 0.000000 0.939691 0.000000 1.000000 0.000000 -0.939691 0.000000 0.342010 2417.dat
10 2 False 0 0.000000 -104.000000 0.000000 -0.342010 0.000000 -0.939691 0.000000 1.000000 0.000000 0.939691 0.000000 -0.342010 2423.dat
10 2 False 0 0.000000 -112.000000 0.000000 -0.766050 0.000000 0.642781 0.000000 1.000000 0.000000 -0.642781 0.000000 -0.766050 2417.dat
10 2 False 0 -0.000100 -120.000000 0.000000 0.766050 0.000000 -0.642781 0.000000 1.000000 0.000000 0.642781 0.000000 0.766050 2423.dat
10 2 False 0 -0.000100 -128.000000 0.000000 -0.866021 0.000000 -0.500005 0.000000 1.000000 0.000000 0.500005 0.000000 -0.866021 2417.dat
10 2 False 0 -0.000100 -136.000000 0.000200 0.866021 0.000000 0.500006 0.000000 1.000000 0.000000 -0.500005 0.000000 0.866021 2423.dat
10 2 False 0 -0.000100 -144.000000 0.000200 0.500006 0.000000 -0.866022 0.000000 1.000000 0.000000 0.866022 0.000000 0.500006 2423.dat
10 2 False 0 -0.000100 -152.000000 0.000200 -0.965928 0.000000 0.258812 0.000000 1.000000 0.000000 -0.258812 0.000000 -0.965928 2423.dat
10 2 False 0 -0.000100 -160.000000 0.000200 0.819157 0.000000 -0.573570 0.000000 1.000000 0.000000 0.573570 0.000000 0.819157 32607.dat
10 2 False 0 -0.000100 -168.000000 0.000200 -0.736104 0.000000 0.676869 0.000000 1.000000 0.000000 -0.676869 0.000000 -0.736104 32607.dat
0 NOFILE
0 FILE Small Tree
0 Small Tree
0 Name:  Small Tree
0 Author:  
0 CustomBrick
0 NumOfBricks:  13
10 308 False 0 0.000000 -24.000000 0.000000 1.000000 0.000000 0.000000 0.000000 1.000000 0.000000 0.000000 0.000000 1.000000 3062b.dat
10 308 False 0 0.000000 -48.000000 0.000000 1.000000 0.000000 0.000000 0.000000 1.000000 0.000000 0.000000 0.000000 1.000000 3062b.dat
10 308 False 0 0.000000 -72.000000 0.000000 1.000000 0.000000 0.000000 0.000000 1.000000 0.000000 0.000000 0.000000 1.000000 3062b.dat
10 2 False 0 0.000000 -80.000000 0.000000 1.000000 0.000000 0.000000 0.000000 1.000000 0.000000 0.000000 0.000000 1.000000 2417.dat
10 2 False 0 0.000000 -88.000000 0.000000 -1.000000 0.000000 0.000000 0.000000 1.000000 0.000000 0.000000 0.000000 -1.000000 2423.dat
10 2 False 0 0.000000 -96.000000 0.000000 0.500004 0.000000 -0.866022 0.000000 1.000000 0.000000 0.866022 0.000000 0.500004 2417.dat
10 2 False 0 0.000000 -104.000000 0.000000 -0.500003 0.000000 0.866022 0.000000 1.000000 0.000000 -0.866022 0.000000 -0.500003 2423.dat
10 2 False 0 0.000000 -112.000000 0.000000 0.499986 0.000000 0.866031 0.000000 1.000000 0.000000 -0.866031 0.000000 0.499986 2417.dat
10 2 False 0 -0.000200 -120.000000 0.000000 -0.499986 0.000000 -0.866030 0.000000 1.000000 0.000000 0.866030 0.000000 -0.499986 2423.dat
10 2 False 0 -0.000200 -128.000000 0.000000 1.000000 0.000000 0.000016 0.000000 1.000000 0.000000 -0.000016 0.000000 1.000000 2423.dat
10 2 False 0 -0.000200 -136.000000 0.000000 -0.500019 0.000000 0.866015 0.000000 1.000000 0.000000 -0.866015 0.000000 -0.500019 2423.dat
10 2 False 0 -0.000200 -144.000000 0.000000 1.000000 0.000000 0.000025 0.000000 1.000000 0.000000 -0.000025 0.000000 1.000000 32607.dat
10 2 False 0 -0.000200 -152.000000 0.000000 -1.000000 0.000000 -0.000025 0.000000 1.000000 0.000000 0.000025 0.000000 -1.000000 32607.dat
0 NOFILE
0 FILE Extra Small tRee
0 Extra Small tRee
0 Name:  Extra Small tRee
0 Author:  
0 CustomBrick
0 NumOfBricks:  10
10 308 False 0 0.000000 -24.000000 0.000000 1.000000 0.000000 0.000000 0.000000 1.000000 0.000000 0.000000 0.000000 1.000000 3062b.dat
10 308 False 0 0.000000 -48.000000 0.000000 1.000000 0.000000 0.000000 0.000000 1.000000 0.000000 0.000000 0.000000 1.000000 3062b.dat
10 2 False 0 0.000000 -56.000000 0.000000 0.000000 0.000000 -1.000000 0.000000 1.000000 0.000000 1.000000 0.000000 0.000000 2423.dat
10 2 False 0 0.001100 -64.000000 0.001300 0.866024 0.000000 0.500004 0.000000 1.000000 0.000000 -0.500000 0.000000 0.866027 2423.dat
10 2 False 0 0.001100 -72.000000 0.001200 -0.866032 0.000000 0.499993 0.000000 1.000000 0.000000 -0.499995 0.000000 -0.866030 2423.dat
10 2 False 0 0.000000 -72.000000 0.000000 -0.819152 0.000000 -0.573577 0.000000 1.000000 0.000000 0.573577 0.000000 -0.819152 2423.dat
10 2 False 0 0.001100 -80.000000 0.001200 0.866027 0.000000 -0.499997 0.000000 1.000000 0.000000 0.499997 0.000000 0.866027 2423.dat
