0 FILE Plants
0 Untitled Model
0 Name:  Plants
0 Author:  
0 CustomBrick
1 2 290.000000 -10.000000 210.000000 1.000000 0.000000 0.000000 0.000000 1.000000 0.000000 0.000000 0.000000 1.000000 19119.dat
1 2 298.511300 -37.883790 195.446400 0.965384 -0.254298 0.058012 0.254298 0.868163 -0.426176 0.058012 0.426176 0.902778 24866.dat
1 2 315.945800 -22.388760 210.000000 0.358368 -0.933581 0.000000 0.933581 0.358368 0.000000 0.000000 0.000000 1.000000 24866.dat
1 2 276.289900 -23.236070 234.060600 -0.091562 0.493663 -0.864820 0.937983 0.334372 0.091561 0.334372 -0.802802 -0.493664 24866.dat
1 2 273.175500 -37.947810 210.000000 -0.871231 0.490874 0.000000 0.490874 0.871231 0.000000 0.000000 0.000000 -1.000000 24866.dat
1 2 298.453300 -37.732690 224.438500 -0.965079 -0.255462 -0.057983 -0.199592 0.860431 -0.468853 0.169664 -0.440907 -0.881371 24866.dat
1 2 277.147400 -22.413850 187.604300 -0.011206 0.455940 0.889940 0.915879 0.361855 -0.173856 -0.401297 0.813129 -0.421641 24866.dat
1 70 290.000000 -4.000000 210.000000 1.000000 0.000000 0.000000 0.000000 1.000000 0.000000 0.000000 0.000000 1.000000 85861.dat
1 10 290.000000 0.000000 610.000000 1.000000 0.000000 0.000000 0.000000 1.000000 0.000000 0.000000 0.000000 1.000000 15279.dat
1 70 310.000000 -8.000000 390.000000 1.000000 0.000000 0.000000 0.000000 1.000000 0.000000 0.000000 0.000000 1.000000 85861.dat
1 2 310.000000 -16.000000 390.000000 1.000000 0.000000 0.000000 0.000000 1.000000 0.000000 0.000000 0.000000 1.000000 32607.dat
1 2 310.000000 -24.000000 390.000000 -1.000000 0.000000 0.000000 0.000000 1.000000 0.000000 0.000000 0.000000 -1.000000 32607.dat
1 2 170.000000 -2.000000 470.000000 0.000000 0.000000 1.000000 0.000000 1.000000 0.000000 -1.000000 0.000000 0.000000 55236.dat
1 70 170.000000 -8.000000 470.000000 1.000000 0.000000 0.000000 0.000000 1.000000 0.000000 0.000000 0.000000 1.000000 85861.dat
1 2 190.000000 0.000000 390.000000 0.000000 0.000000 -1.000000 0.000000 1.000000 0.000000 1.000000 0.000000 0.000000 55236.dat
1 70 190.000000 -6.000000 390.000000 -1.000000 0.000000 0.000000 0.000000 1.000000 0.000000 0.000000 0.000000 -1.000000 85861.dat
1 2 210.000000 0.000000 430.000000 0.000000 0.000000 -1.000000 0.000000 1.000000 0.000000 1.000000 0.000000 0.000000 55236.dat
1 70 210.001900 -6.000000 430.002300 -1.000017 0.000000 0.000000 0.000000 1.000000 0.000000 0.000000 0.000000 -1.000017 85861.dat
1 2 150.000000 0.000000 510.000000 0.000001 0.000000 1.000000 0.000000 1.000000 0.000000 -1.000000 0.000000 0.000001 55236.dat
1 70 150.000000 -6.000000 509.999900 1.000000 0.000000 0.000000 0.000000 1.000000 0.000000 0.000000 0.000000 1.000000 85861.dat
1 2 330.000000 -16.000000 50.000000 1.000000 0.000000 0.000000 0.000000 1.000000 0.000000 0.000000 0.000000 1.000000 3741.dat
1 4 349.192800 -40.729640 38.810830 0.913619 -0.403810 0.047298 0.403810 0.887722 -0.221105 0.047298 0.221105 0.974102 3742.dat
1 4 330.000000 -34.009130 69.113290 1.000000 0.000000 0.000000 0.000000 0.900871 0.434086 0.000000 -0.434086 0.900871 3742.dat
1 4 312.138200 -37.262030 39.746870 0.920430 0.388389 -0.044292 -0.388390 0.895776 -0.216194 -0.044292 0.216194 0.975345 3742.dat
1 2 330.000000 -16.000000 -50.000000 1.000000 0.000000 0.000000 0.000000 1.000000 0.000000 0.000000 0.000000 1.000000 3741.dat
1 14 349.192800 -40.729640 -61.189160 0.913619 -0.403810 0.047298 0.403810 0.887722 -0.221105 0.047298 0.221105 0.974102 3742.dat
1 14 330.000000 -34.009130 -30.886710 1.000000 0.000000 0.000000 0.000000 0.900871 0.434086 0.000000 -0.434086 0.900871 3742.dat
1 14 312.138200 -37.262030 -60.253130 0.920430 0.388389 -0.044292 -0.388390 0.895776 -0.216194 -0.044292 0.216194 0.975345 3742.dat
1 2 330.000000 -16.000000 -170.000000 1.000000 0.000000 0.000000 0.000000 1.000000 0.000000 0.000000 0.000000 1.000000 3741.dat
1 13 349.192800 -40.729640 -181.189200 0.913619 -0.403810 0.047298 0.403810 0.887722 -0.221105 0.047298 0.221105 0.974102 3742.dat
1 13 330.000000 -34.009130 -150.886700 1.000000 0.000000 0.000000 0.000000 0.900871 0.434086 0.000000 -0.434086 0.900871 3742.dat
1 13 312.138200 -37.262030 -180.253100 0.920430 0.388389 -0.044292 -0.388390 0.895776 -0.216194 -0.044292 0.216194 0.975345 3742.dat
1 2 430.000000 -10.000000 210.000000 1.000000 0.000000 0.000000 0.000000 1.000000 0.000000 0.000000 0.000000 1.000000 19119.dat
1 4 438.511300 -37.883790 195.446400 0.965384 -0.254298 0.058012 0.254298 0.868163 -0.426176 0.058012 0.426176 0.902778 24866.dat
1 4 455.945800 -22.388760 210.000000 0.358368 -0.933581 0.000000 0.933581 0.358368 0.000000 0.000000 0.000000 1.000000 24866.dat
1 4 416.289900 -23.236070 234.060600 -0.091562 0.493663 -0.864820 0.937983 0.334372 0.091561 0.334372 -0.802802 -0.493664 24866.dat
1 4 413.175500 -37.947810 210.000000 -0.871231 0.490874 0.000000 0.490874 0.871231 0.000000 0.000000 0.000000 -1.000000 24866.dat
1 4 438.453300 -37.732690 224.438500 -0.965079 -0.255462 -0.057983 -0.199592 0.860431 -0.468853 0.169664 -0.440907 -0.881371 24866.dat
1 4 417.147400 -22.413850 187.604300 -0.011206 0.455940 0.889940 0.915879 0.361855 -0.173856 -0.401297 0.813129 -0.421641 24866.dat
1 70 430.000000 -4.000000 210.000000 1.000000 0.000000 0.000000 0.000000 1.000000 0.000000 0.000000 0.000000 1.000000 85861.dat
1 2 410.000000 -10.000000 310.000000 1.000000 0.000000 0.000000 0.000000 1.000000 0.000000 0.000000 0.000000 1.000000 19119.dat
1 25 418.511300 -37.883790 295.446400 0.965384 -0.254298 0.058012 0.254298 0.868163 -0.426176 0.058012 0.426176 0.902778 24866.dat
1 25 435.945800 -22.388760 310.000000 0.358368 -0.933581 0.000000 0.933581 0.358368 0.000000 0.000000 0.000000 1.000000 24866.dat
1 25 396.289900 -23.236070 334.060600 -0.091562 0.493663 -0.864820 0.937983 0.334372 0.091561 0.334372 -0.802802 -0.493664 24866.dat
1 25 393.175500 -37.947810 310.000000 -0.871231 0.490874 0.000000 0.490874 0.871231 0.000000 0.000000 0.000000 -1.000000 24866.dat
1 25 418.453300 -37.732690 324.438500 -0.965079 -0.255462 -0.057983 -0.199592 0.860431 -0.468853 0.169664 -0.440907 -0.881371 24866.dat
1 25 397.147400 -22.413850 287.604300 -0.011206 0.455940 0.889940 0.915879 0.361855 -0.173856 -0.401297 0.813129 -0.421641 24866.dat
1 70 410.000000 -4.000000 310.000000 1.000000 0.000000 0.000000 0.000000 1.000000 0.000000 0.000000 0.000000 1.000000 85861.dat
1 2 290.000000 -10.000000 310.000000 1.000000 0.000000 0.000000 0.000000 1.000000 0.000000 0.000000 0.000000 1.000000 19119.dat
1 15 298.511300 -37.883790 295.446400 0.965384 -0.254298 0.058012 0.254298 0.868163 -0.426176 0.058012 0.426176 0.902778 24866.dat
1 15 315.945800 -22.388760 310.000000 0.358368 -0.933581 0.000000 0.933581 0.358368 0.000000 0.000000 0.000000 1.000000 24866.dat
1 15 276.289900 -23.236070 334.060600 -0.091562 0.493663 -0.864820 0.937983 0.334372 0.091561 0.334372 -0.802802 -0.493664 24866.dat
1 15 273.175500 -37.947810 310.000000 -0.871231 0.490874 0.000000 0.490874 0.871231 0.000000 0.000000 0.000000 -1.000000 24866.dat
1 15 298.453300 -37.732690 324.438500 -0.965079 -0.255462 -0.057983 -0.199592 0.860431 -0.468853 0.169664 -0.440907 -0.881371 24866.dat
1 15 277.147400 -22.413850 287.604300 -0.011206 0.455940 0.889940 0.915879 0.361855 -0.173856 -0.401297 0.813129 -0.421641 24866.dat
1 70 290.000000 -4.000000 310.000000 1.000000 0.000000 0.000000 0.000000 1.000000 0.000000 0.000000 0.000000 1.000000 85861.dat
1 27 290.000000 0.000000 690.000000 1.000000 0.000000 0.000000 0.000000 1.000000 0.000000 0.000000 0.000000 1.000000 15279.dat
1 330 290.000000 0.000000 770.000000 1.000000 0.000000 0.000000 0.000000 1.000000 0.000000 0.000000 0.000000 1.000000 15279.dat
1 70 410.000000 -8.000000 -450.000000 -1.000000 0.000000 0.000000 0.000000 1.000000 0.000000 0.000000 0.000000 -1.000000 85861.dat
1 2 370.000000 -16.000000 -490.000000 1.000000 0.000000 0.000000 0.000000 1.000000 0.000000 0.000000 0.000000 1.000000 2417.dat
1 2 370.000000 -24.000000 -410.000000 -1.000000 0.000000 0.000000 0.000000 1.000000 0.000000 0.000000 0.000000 -1.000000 2417.dat
1 70 330.000000 -8.000000 -450.000000 -1.000000 0.000000 0.000000 0.000000 1.000000 0.000000 0.000000 0.000000 -1.000000 85861.dat
1 10 370.000000 -16.000000 -350.000000 0.000000 0.000000 -1.000000 0.000000 1.000000 0.000000 1.000000 0.000000 0.000000 2423.dat
1 10 370.000000 -8.000000 -550.000000 0.000000 0.000000 1.000000 0.000000 1.000000 0.000000 -1.000000 0.000000 0.000000 2423.dat
1 70 450.000000 -8.000000 -10.000000 1.000000 0.000000 0.000000 0.000000 1.000000 0.000000 0.000000 0.000000 1.000000 85861.dat
1 2 450.000000 -15.999990 -10.000000 -1.000000 0.000000 0.000000 0.000000 1.000000 0.000000 0.000000 0.000000 -1.000000 24866.dat
1 2 490.000000 -16.000000 -230.000000 1.000000 0.000000 0.000000 0.000000 1.000000 0.000000 0.000000 0.000000 1.000000 3741.dat
1 2 470.000000 -16.000000 -210.000000 1.000000 0.000000 0.000000 0.000000 1.000000 0.000000 0.000000 0.000000 1.000000 3741.dat
1 2 490.000000 -16.000000 -190.000000 1.000000 0.000000 0.000000 0.000000 1.000000 0.000000 0.000000 0.000000 1.000000 3741.dat
1 2 470.000000 -16.000000 -170.000000 1.000000 0.000000 0.000000 0.000000 1.000000 0.000000 0.000000 0.000000 1.000000 3741.dat
1 2 490.000000 -16.000000 -150.000000 1.000000 0.000000 0.000000 0.000000 1.000000 0.000000 0.000000 0.000000 1.000000 3741.dat
1 2 470.000000 -16.000000 -130.000000 1.000000 0.000000 0.000000 0.000000 1.000000 0.000000 0.000000 0.000000 1.000000 3741.dat
1 2 490.000000 -16.000000 -110.000000 1.000000 0.000000 0.000000 0.000000 1.000000 0.000000 0.000000 0.000000 1.000000 3741.dat
1 2 470.000000 -16.000000 -90.000000 1.000000 0.000000 0.000000 0.000000 1.000000 0.000000 0.000000 0.000000 1.000000 3741.dat
1 2 490.000000 -16.000000 -270.000000 1.000000 0.000000 0.000000 0.000000 1.000000 0.000000 0.000000 0.000000 1.000000 3741.dat
1 2 470.000000 -16.000000 -250.000000 1.000000 0.000000 0.000000 0.000000 1.000000 0.000000 0.000000 0.000000 1.000000 3741.dat
1 70 450.000000 -8.000000 30.000000 1.000000 0.000000 0.000000 0.000000 1.000000 0.000000 0.000000 0.000000 1.000000 85861.dat
1 2 450.000000 -15.999990 30.000000 -1.000000 0.000000 0.000000 0.000000 1.000000 0.000000 0.000000 0.000000 -1.000000 24866.dat
1 2 450.000000 -23.999990 30.000000 -1.000000 0.000000 0.000000 0.000000 1.000000 0.000000 0.000000 0.000000 -1.000000 24866.dat
1 70 450.000000 -8.000000 70.000000 1.000000 0.000000 0.000000 0.000000 1.000000 0.000000 0.000000 0.000000 1.000000 85861.dat
1 10 450.000000 -15.999990 69.999990 -1.000000 0.000000 0.000000 0.000000 1.000000 0.000000 0.000000 0.000000 -1.000000 24866.dat
1 70 450.000000 -8.000000 110.000000 1.000000 0.000000 0.000000 0.000000 1.000000 0.000000 0.000000 0.000000 1.000000 85861.dat
1 10 450.000000 -15.999990 110.000000 -1.000000 0.000000 0.000000 0.000000 1.000000 0.000000 0.000000 0.000000 -1.000000 24866.dat
1 10 450.000000 -23.999990 110.000000 -1.000000 0.000000 0.000000 0.000000 1.000000 0.000000 0.000000 0.000000 -1.000000 24866.dat
1 70 550.000000 -8.000000 -10.000000 1.000000 0.000000 0.000000 0.000000 1.000000 0.000000 0.000000 0.000000 1.000000 85861.dat
1 27 550.000000 -15.999960 -10.000050 -1.000000 0.000000 0.000000 0.000000 1.000000 0.000000 0.000000 0.000000 -1.000000 24866.dat
1 70 549.999900 -7.999957 29.999970 1.000000 0.000000 0.000000 0.000000 1.000000 0.000000 0.000000 0.000000 1.000000 85861.dat
1 27 550.000000 -15.999950 29.999970 -1.000000 0.000000 0.000000 0.000000 1.000000 0.000000 0.000000 0.000000 -1.000000 24866.dat
1 27 550.000000 -23.999950 29.999970 -1.000000 0.000000 0.000000 0.000000 1.000000 0.000000 0.000000 0.000000 -1.000000 24866.dat
1 16 -30.000000 0.000000 -1630.000000 1.000000 0.000000 0.000000 0.000000 1.000000 0.000000 0.000000 0.000000 1.000000 extra tall tree
1 16 30.000000 0.000000 -1290.000000 1.000000 0.000000 0.000000 0.000000 1.000000 0.000000 0.000000 0.000000 1.000000 tall bright tree
1 16 10.000000 0.000000 -1050.000000 1.000000 0.000000 0.000000 0.000000 1.000000 0.000000 0.000000 0.000000 1.000000 medium bright tree
1 16 -10.000000 0.000000 -790.000000 1.000000 0.000000 0.000000 0.000000 1.000000 0.000000 0.000000 0.000000 1.000000 small bright tree
1 16 -30.000000 0.000000 -570.000000 1.000000 0.000000 0.000000 0.000000 1.000000 0.000000 0.000000 0.000000 1.000000 extra small bright tree
1 16 -70.000000 0.000000 -1890.000000 1.000000 0.000000 0.000000 0.000000 1.000000 0.000000 0.000000 0.000000 1.000000 small one-sided tree
1 16 -50.000000 0.000000 -2110.000000 1.000000 0.000000 0.000000 0.000000 1.000000 0.000000 0.000000 0.000000 1.000000 medium one-sided tree
1 16 10.000000 0.000000 -290.000000 1.000000 0.000000 0.000000 0.000000 1.000000 0.000000 0.000000 0.000000 1.000000 tall tree
1 16 -10.000000 0.000000 -50.000000 1.000000 0.000000 0.000000 0.000000 1.000000 0.000000 0.000000 0.000000 1.000000 medium tree
1 16 -30.000000 0.000000 210.000000 1.000000 0.000000 0.000000 0.000000 1.000000 0.000000 0.000000 0.000000 1.000000 small tree
1 16 -50.000000 0.000000 430.000000 1.000000 0.000000 0.000000 0.000000 1.000000 0.000000 0.000000 0.000000 1.000000 extra small tree
1 16 -70.000000 0.000000 690.000000 1.000000 0.000000 0.000000 0.000000 1.000000 0.000000 0.000000 0.000000 1.000000 dark large tree
1 16 -90.000000 0.000000 930.000000 1.000000 0.000000 0.000000 0.000000 1.000000 0.000000 0.000000 0.000000 1.000000 dark medium tree
1 16 -110.000000 0.000000 1190.000000 1.000000 0.000000 0.000000 0.000000 1.000000 0.000000 0.000000 0.000000 1.000000 dark small tree
1 16 -130.000000 0.000000 1410.000000 1.000000 0.000000 0.000000 0.000000 1.000000 0.000000 0.000000 0.000000 1.000000 dark extra small tree
0 NOFILE
0 FILE Extra Tall Tree
0 Extra Tall Tree
0 Name:  Extra Tall Tree
0 Author:  
0 CustomBrick
0 NumOfBricks:  35
1 308 0.000000 -120.000000 0.000000 1.000000 0.000000 0.000000 0.000000 1.000000 0.000000 0.000000 0.000000 1.000000 3062b.dat
1 308 0.000000 -144.000000 0.000000 1.000000 0.000000 0.000000 0.000000 1.000000 0.000000 0.000000 0.000000 1.000000 3062b.dat
1 308 0.000000 -168.000000 0.000000 1.000000 0.000000 0.000000 0.000000 1.000000 0.000000 0.000000 0.000000 1.000000 3062b.dat
1 2 0.000000 -176.000000 0.000000 1.000000 0.000000 0.000000 0.000000 1.000000 0.000000 0.000000 0.000000 1.000000 2417.dat
1 2 0.000000 -184.000000 0.000000 -1.000000 0.000000 0.000000 0.000000 1.000000 0.000000 0.000000 0.000000 -1.000000 2423.dat
1 2 0.000000 -192.000000 0.000000 0.342010 0.000000 0.939691 0.000000 1.000000 0.000000 -0.939691 0.000000 0.342010 2417.dat
1 2 0.000000 -200.000000 0.000000 -0.342010 0.000000 -0.939691 0.000000 1.000000 0.000000 0.939691 0.000000 -0.342010 2423.dat
1 2 0.000000 -208.000000 0.000000 -0.766050 0.000000 0.642781 0.000000 1.000000 0.000000 -0.642781 0.000000 -0.766050 2417.dat
1 2 -0.000122 -216.000000 0.000000 0.766050 0.000000 -0.642781 0.000000 1.000000 0.000000 0.642781 0.000000 0.766050 2423.dat
1 2 -0.000122 -224.000000 0.000000 -0.866021 0.000000 -0.500005 0.000000 1.000000 0.000000 0.500005 0.000000 -0.866021 2417.dat
1 308 0.000000 -96.000000 0.000000 1.000000 0.000000 0.000000 0.000000 1.000000 0.000000 0.000000 0.000000 1.000000 3062b.dat
1 2 -0.000122 -232.000000 0.000000 0.866022 0.000000 0.500006 0.000000 1.000000 0.000000 -0.500006 0.000000 0.866022 2423.dat
1 2 -0.000061 -240.000000 0.000000 -0.342030 0.000000 0.939689 0.000000 1.000000 0.000000 -0.939689 0.000000 -0.342030 2417.dat
1 2 0.000000 -248.000000 0.000244 0.342029 0.000000 -0.939692 0.000000 1.000000 0.000000 0.939690 0.000000 0.342030 2423.dat
1 2 0.000000 -256.000000 0.000244 1.000000 0.000000 0.000012 0.000000 1.000000 0.000000 -0.000012 0.000000 1.000000 2417.dat
1 2 -0.000002 -264.000000 0.000244 -1.000000 0.000000 -0.000012 0.000000 1.000000 0.000000 0.000012 0.000000 -1.000000 2423.dat
1 2 -0.016611 -384.000000 0.002197 0.500005 0.000000 -0.866012 0.000000 1.000000 0.000000 0.866011 0.000000 0.500026 32607.dat
1 2 -0.022442 -392.000000 0.006592 -0.381080 0.000000 0.924541 0.000000 1.000000 0.000000 -0.924538 0.000000 -0.381101 32607.dat
1 2 -0.006525 -368.000000 -0.009888 0.000027 0.000000 -0.999998 0.000000 1.000000 0.000000 1.000001 0.000000 0.000026 2423.dat
1 2 -0.016546 -376.000000 0.002563 0.866012 0.000000 0.500004 0.000000 1.000000 0.000000 -0.500026 0.000000 0.866011 2423.dat
1 308 0.000000 -48.000000 0.000000 1.000000 0.000000 0.000000 0.000000 1.000000 0.000000 0.000000 0.000000 1.000000 3062b.dat
1 308 0.000000 -72.000000 0.000000 1.000000 0.000000 0.000000 0.000000 1.000000 0.000000 0.000000 0.000000 1.000000 3062b.dat
1 308 0.000000 -24.000000 0.000000 1.000000 0.000000 0.000000 0.000000 1.000000 0.000000 0.000000 0.000000 1.000000 3062b.dat
1 2 0.000000 -272.000000 0.000000 -0.499987 0.000000 -0.866033 0.000000 1.000000 0.000000 0.866033 0.000000 -0.499987 2417.dat
1 2 0.000072 -280.000000 0.000000 0.499987 0.000000 0.866033 0.000000 1.000000 0.000000 -0.866033 0.000000 0.499987 2423.dat
1 2 0.000072 -288.000000 0.000000 0.642803 0.000000 -0.766025 0.000000 1.000000 0.000000 0.766025 0.000000 0.642803 2417.dat
1 2 0.000072 -296.000000 0.000000 -0.642803 0.000000 0.766025 0.000000 1.000000 0.000000 -0.766025 0.000000 -0.642803 2423.dat
1 2 0.000072 -304.000000 0.000000 0.939685 0.000000 0.342043 0.000000 1.000000 0.000000 -0.342043 0.000000 0.939685 2417.dat
1 2 0.000072 -312.000000 0.000000 -0.939685 0.000000 -0.342043 0.000000 1.000000 0.000000 0.342043 0.000000 -0.939685 2423.dat
1 2 0.000072 -320.000000 0.000000 -0.000022 0.000000 0.999999 0.000000 1.000000 0.000000 -0.999999 0.000000 -0.000022 2417.dat
1 2 0.000072 -328.000000 0.000000 0.000022 0.000000 -1.000000 0.000000 1.000000 0.000000 1.000000 0.000000 0.000022 2423.dat
1 2 0.000072 -336.000000 0.000000 0.984813 0.000000 -0.173623 0.000000 1.000000 0.000000 0.173623 0.000000 0.984813 2417.dat
1 2 -0.000435 -344.000000 0.000244 -0.984813 0.000000 0.173624 0.000000 1.000000 0.000000 -0.173624 0.000000 -0.984815 2423.dat
1 2 -0.000435 -352.000000 0.000244 -0.499977 0.000000 -0.866039 0.000000 1.000000 0.000000 0.866039 0.000000 -0.499977 2417.dat
1 2 -0.006525 -360.000000 -0.009888 -0.866039 0.000000 0.499974 0.000000 1.000000 0.000000 -0.499977 0.000000 -0.866039 2423.dat
0 NOFILE
0 FILE Tall Bright Tree
0 Tall Bright Tree
0 Name:  Tall Bright Tree
0 Author:  
0 CustomBrick
0 NumOfBricks:  20
1 308 0.000000 -48.000000 0.000000 1.000000 0.000000 0.000000 0.000000 1.000000 0.000000 0.000000 0.000000 1.000000 3062b.dat
1 308 0.000000 -72.000000 0.000000 1.000000 0.000000 0.000000 0.000000 1.000000 0.000000 0.000000 0.000000 1.000000 3062b.dat
1 308 0.000000 -96.000000 0.000000 1.000000 0.000000 0.000000 0.000000 1.000000 0.000000 0.000000 0.000000 1.000000 3062b.dat
1 2 0.000000 -104.000000 0.000000 1.000000 0.000000 0.000000 0.000000 1.000000 0.000000 0.000000 0.000000 1.000000 2417.dat
1 10 0.000000 -112.000000 0.000000 -1.000000 0.000000 0.000000 0.000000 1.000000 0.000000 0.000000 0.000000 -1.000000 2423.dat
1 10 0.000000 -120.000000 0.000000 0.342010 0.000000 0.939691 0.000000 1.000000 0.000000 -0.939691 0.000000 0.342010 2417.dat
1 2 -0.000015 -128.000000 0.000000 -0.342010 0.000000 -0.939691 0.000000 1.000000 0.000000 0.939691 0.000000 -0.342010 2423.dat
1 2 -0.000015 -136.000000 0.000000 -0.766050 0.000000 0.642781 0.000000 1.000000 0.000000 -0.642781 0.000000 -0.766050 2417.dat
1 10 -0.000092 -144.000000 0.000000 0.766050 0.000000 -0.642781 0.000000 1.000000 0.000000 0.642781 0.000000 0.766051 2423.dat
1 10 -0.000092 -152.000000 0.000000 -0.866021 0.000000 -0.500005 0.000000 1.000000 0.000000 0.500005 0.000000 -0.866021 2417.dat
1 308 0.000000 -24.000000 0.000000 1.000000 0.000000 0.000000 0.000000 1.000000 0.000000 0.000000 0.000000 1.000000 3062b.dat
1 10 -0.000092 -160.000000 0.000000 0.866022 0.000000 0.500006 0.000000 1.000000 0.000000 -0.500006 0.000000 0.866022 2423.dat
1 2 -0.000092 -168.000000 0.000000 -0.342030 0.000000 0.939689 0.000000 1.000000 0.000000 -0.939689 0.000000 -0.342030 2417.dat
1 2 0.000000 -176.000000 0.000244 0.342029 0.000000 -0.939692 0.000000 1.000000 0.000000 0.939690 0.000000 0.342030 2423.dat
1 10 -0.000004 -184.000000 0.000244 1.000000 0.000000 0.000012 0.000000 1.000000 0.000000 -0.000012 0.000000 1.000000 2417.dat
1 10 -0.000275 -192.000000 0.000244 -1.000000 0.000000 -0.000011 0.000000 1.000000 0.000000 0.000011 0.000000 -1.000003 2423.dat
1 10 -0.000320 -216.000000 0.000244 -0.499985 0.000000 -0.866033 0.000000 1.000000 0.000000 0.866034 0.000000 -0.499986 32607.dat
1 10 -0.000366 -224.000000 0.000122 0.610133 0.000000 0.792302 0.000000 1.000000 0.000000 -0.792302 0.000000 0.610132 32607.dat
1 10 -0.000336 -200.000000 0.000244 0.500012 0.000000 -0.866019 0.000000 1.000000 0.000000 0.866019 0.000000 0.500012 2423.dat
1 2 -0.000336 -208.000000 0.000244 0.499986 0.000000 0.866034 0.000000 1.000000 0.000000 -0.866034 0.000000 0.499986 2423.dat
0 NOFILE
0 FILE Medium Bright Tree
0 Medium Bright Tree
0 Name:  Medium Bright Tree
0 Author:  
0 CustomBrick
0 NumOfBricks:  15
1 308 0.000006 -24.000000 -0.000122 1.000000 0.000000 0.000000 0.000000 1.000000 0.000000 0.000000 0.000000 1.000000 3062b.dat
1 308 0.000006 -48.000000 -0.000122 1.000000 0.000000 0.000000 0.000000 1.000000 0.000000 0.000000 0.000000 1.000000 3062b.dat
1 308 0.000006 -72.000000 -0.000122 1.000000 0.000000 0.000000 0.000000 1.000000 0.000000 0.000000 0.000000 1.000000 3062b.dat
1 10 0.000006 -80.000000 -0.000122 1.000000 0.000000 0.000000 0.000000 1.000000 0.000000 0.000000 0.000000 1.000000 2417.dat
1 10 0.000006 -88.000000 -0.000122 -1.000000 0.000000 0.000000 0.000000 1.000000 0.000000 0.000000 0.000000 -1.000000 2423.dat
1 2 0.000006 -96.000000 -0.000122 0.342010 0.000000 0.939691 0.000000 1.000000 0.000000 -0.939691 0.000000 0.342010 2417.dat
1 10 -0.000025 -104.000000 -0.000122 -0.342010 0.000000 -0.939691 0.000000 1.000000 0.000000 0.939691 0.000000 -0.342010 2423.dat
1 10 -0.000025 -112.000000 -0.000122 -0.766050 0.000000 0.642781 0.000000 1.000000 0.000000 -0.642781 0.000000 -0.766050 2417.dat
1 10 -0.000086 -120.000000 0.000000 0.766050 0.000000 -0.642781 0.000000 1.000000 0.000000 0.642781 0.000000 0.766051 2423.dat
1 2 -0.000086 -128.000000 0.000000 -0.866021 0.000000 -0.500005 0.000000 1.000000 0.000000 0.500005 0.000000 -0.866021 2417.dat
1 10 -0.000055 -136.000000 0.000122 0.866021 0.000000 0.500006 0.000000 1.000000 0.000000 -0.500005 0.000000 0.866021 2423.dat
1 10 -0.000055 -144.000000 0.000122 0.500006 0.000000 -0.866022 0.000000 1.000000 0.000000 0.866022 0.000000 0.500006 2423.dat
1 10 -0.000055 -152.000000 0.000122 -0.965928 0.000000 0.258812 0.000000 1.000000 0.000000 -0.258812 0.000000 -0.965928 2423.dat
1 2 -0.000055 -160.000000 0.000122 0.819157 0.000000 -0.573570 0.000000 1.000000 0.000000 0.573570 0.000000 0.819157 32607.dat
1 10 -0.000055 -168.000000 0.000122 -0.736104 0.000000 0.676869 0.000000 1.000000 0.000000 -0.676869 0.000000 -0.736104 32607.dat
0 NOFILE
0 FILE Small Bright Tree
0 Small Bright Tree
0 Name:  Small Bright Tree
0 Author:  
0 CustomBrick
0 NumOfBricks:  13
1 308 0.000012 -24.000000 0.000000 1.000000 0.000000 0.000000 0.000000 1.000000 0.000000 0.000000 0.000000 1.000000 3062b.dat
1 308 0.000012 -48.000000 0.000000 1.000000 0.000000 0.000000 0.000000 1.000000 0.000000 0.000000 0.000000 1.000000 3062b.dat
1 308 0.000012 -72.000000 0.000000 1.000000 0.000000 0.000000 0.000000 1.000000 0.000000 0.000000 0.000000 1.000000 3062b.dat
1 10 0.000012 -80.000000 0.000000 1.000000 0.000000 0.000000 0.000000 1.000000 0.000000 0.000000 0.000000 1.000000 2417.dat
1 2 0.000012 -88.000000 0.000000 -1.000000 0.000000 0.000000 0.000000 1.000000 0.000000 0.000000 0.000000 -1.000000 2423.dat
1 2 0.000012 -96.000000 0.000000 0.500004 0.000000 -0.866022 0.000000 1.000000 0.000000 0.866022 0.000000 0.500004 2417.dat
1 10 0.000012 -104.000000 0.000000 -0.500003 0.000000 0.866022 0.000000 1.000000 0.000000 -0.866022 0.000000 -0.500003 2423.dat
1 10 0.000012 -112.000000 0.000000 0.499986 0.000000 0.866031 0.000000 1.000000 0.000000 -0.866031 0.000000 0.499986 2417.dat
1 2 -0.000232 -120.000000 0.000000 -0.499986 0.000000 -0.866030 0.000000 1.000000 0.000000 0.866030 0.000000 -0.499986 2423.dat
1 10 -0.000232 -128.000000 0.000000 1.000000 0.000000 0.000016 0.000000 1.000000 0.000000 -0.000016 0.000000 1.000000 2423.dat
1 2 -0.000232 -136.000000 0.000000 -0.500019 0.000000 0.866015 0.000000 1.000000 0.000000 -0.866015 0.000000 -0.500019 2423.dat
1 10 -0.000232 -144.000000 0.000000 1.000000 0.000000 0.000025 0.000000 1.000000 0.000000 -0.000025 0.000000 1.000000 32607.dat
1 10 -0.000232 -152.000000 0.000000 -1.000000 0.000000 -0.000025 0.000000 1.000000 0.000000 0.000025 0.000000 -1.000000 32607.dat
0 NOFILE
0 FILE Extra Small Bright Tree
0 Extra Small Bright Tree
0 Name:  Extra Small Bright Tree
0 Author:  
0 CustomBrick
0 NumOfBricks:  10
1 308 0.000008 -24.000000 0.000000 1.000000 0.000000 0.000000 0.000000 1.000000 0.000000 0.000000 0.000000 1.000000 3062b.dat
1 308 0.000008 -48.000000 0.000000 1.000000 0.000000 0.000000 0.000000 1.000000 0.000000 0.000000 0.000000 1.000000 3062b.dat
1 2 -0.000023 -56.000000 0.000000 0.000000 0.000000 -1.000000 0.000000 1.000000 0.000000 1.000000 0.000000 0.000000 2423.dat
1 10 0.001137 -64.000000 0.001221 0.866024 0.000000 0.500004 0.000000 1.000000 0.000000 -0.500000 0.000000 0.866027 2423.dat
1 10 0.001137 -72.000000 0.001221 -0.866032 0.000000 0.499993 0.000000 1.000000 0.000000 -0.499995 0.000000 -0.866030 2423.dat
1 2 0.000008 -72.000000 0.000000 -0.819152 0.000000 -0.573577 0.000000 1.000000 0.000000 0.573577 0.000000 -0.819152 2423.dat
1 2 0.001137 -80.000000 0.001221 0.866027 0.000000 -0.499997 0.000000 1.000000 0.000000 0.499997 0.000000 0.866027 2423.dat
1 10 0.001152 -88.000000 0.001221 -0.000003 0.000000 1.000000 0.000000 1.000000 0.000000 -1.000000 0.000000 -0.000003 2423.dat
1 10 0.001137 -96.000000 0.001221 1.000000 0.000000 0.000025 0.000000 1.000000 0.000000 -0.000025 0.000000 1.000000 32607.dat
1 2 0.001152 -104.000000 0.001221 -1.000000 0.000000 -0.000025 0.000000 1.000000 0.000000 0.000025 0.000000 -1.000000 32607.dat
0 NOFILE
0 FILE Small One-sided Tree
0 Small One-sided Tree
0 Name:  Small One-sided Tree
0 Author:  
0 CustomBrick
0 NumOfBricks:  10
1 308 0.000000 -24.000000 0.000000 1.000000 0.000000 0.000000 0.000000 1.000000 0.000000 0.000000 0.000000 1.000000 3062b.dat
1 308 0.000000 -48.000000 0.000000 1.000000 0.000000 0.000000 0.000000 1.000000 0.000000 0.000000 0.000000 1.000000 3062b.dat
1 2 -0.000031 -56.000000 0.000000 0.000000 0.000000 -1.000000 0.000000 1.000000 0.000000 1.000000 0.000000 0.000000 2423.dat
1 2 0.001129 -64.000000 0.001221 0.999999 0.000000 0.000008 0.000000 1.000000 0.000000 -0.000006 0.000000 1.000003 2423.dat
1 2 0.001129 -72.000000 0.001221 -0.422613 0.000000 -0.906312 0.000000 1.000000 0.000000 0.906314 0.000000 -0.422611 2423.dat
1 2 0.000000 -72.000000 0.000000 -0.819152 0.000000 -0.573577 0.000000 1.000000 0.000000 0.573577 0.000000 -0.819152 2423.dat
1 2 0.001129 -80.000000 0.001221 0.866027 0.000000 -0.499997 0.000000 1.000000 0.000000 0.499997 0.000000 0.866027 2423.dat
1 2 0.001129 -88.000000 0.001221 0.500008 0.000000 -0.866021 0.000000 1.000000 0.000000 0.866021 0.000000 0.500008 2423.dat
1 2 0.001129 -96.000000 0.001221 0.499977 0.000000 0.866040 0.000000 1.000000 0.000000 -0.866040 0.000000 0.499977 32607.dat
1 2 0.001282 -104.000000 0.001221 -0.499979 0.000000 -0.866038 0.000000 1.000000 0.000000 0.866038 0.000000 -0.499979 32607.dat
0 NOFILE
0 FILE Medium One-sided Tree
0 Medium One-sided Tree
0 Name:  Medium One-sided Tree
0 Author:  
0 CustomBrick
0 NumOfBricks:  17
1 308 0.000000 -24.000000 0.000000 1.000000 0.000000 0.000000 0.000000 1.000000 0.000000 0.000000 0.000000 1.000000 3062b.dat
1 308 0.000000 -48.000000 0.000000 1.000000 0.000000 0.000000 0.000000 1.000000 0.000000 0.000000 0.000000 1.000000 3062b.dat
1 308 0.000000 -72.000000 0.000000 1.000000 0.000000 0.000000 0.000000 1.000000 0.000000 0.000000 0.000000 1.000000 3062b.dat
1 2 -0.000603 -152.000000 -0.002441 0.000000 0.000000 1.000007 0.000000 1.000000 0.000000 -1.000007 0.000000 0.000000 32607.dat
1 2 0.000000 -160.000000 0.000000 -0.000002 0.000000 -1.000000 0.000000 1.000000 0.000000 1.000000 0.000000 -0.000002 32607.dat
1 2 -0.000004 -80.000000 0.000000 0.000000 0.000000 -1.000000 0.000000 1.000000 0.000000 1.000000 0.000000 0.000000 2423.dat
1 2 0.000866 -88.000000 -0.004883 1.000004 0.000000 0.000009 0.000000 1.000000 0.000000 -0.000006 0.000000 1.000008 2423.dat
1 2 0.000866 -96.000000 -0.004883 -0.422616 0.000000 -0.906317 0.000000 1.000000 0.000000 0.906319 0.000000 -0.422613 2423.dat
1 2 -0.000233 -96.000000 -0.006104 -0.819157 0.000000 -0.573579 0.000000 1.000000 0.000000 0.573579 0.000000 -0.819157 2423.dat
1 2 0.000866 -104.000000 -0.004883 0.866032 0.000000 -0.500000 0.000000 1.000000 0.000000 0.500000 0.000000 0.866032 2423.dat
1 2 0.000866 -112.000000 -0.004883 0.500011 0.000000 -0.866026 0.000000 1.000000 0.000000 0.866026 0.000000 0.500011 2423.dat
1 2 0.000000 -120.000000 0.000000 0.000000 0.000000 -1.000000 0.000000 1.000000 0.000000 1.000000 0.000000 0.000000 2423.dat
1 2 -0.001209 -128.000000 -0.053955 1.000030 0.000000 0.000008 0.000000 1.000000 0.000000 -0.000006 0.000000 1.000034 2423.dat
1 2 -0.001209 -136.000000 -0.053955 -0.422628 0.000000 -0.906343 0.000000 1.000000 0.000000 0.906345 0.000000 -0.422626 2423.dat
1 2 -0.002430 -136.000000 -0.055176 -0.819183 0.000000 -0.573592 0.000000 1.000000 0.000000 0.573592 0.000000 -0.819183 2423.dat
1 2 -0.001209 -144.000000 -0.053955 0.866058 0.000000 -0.500013 0.000000 1.000000 0.000000 0.500012 0.000000 0.866059 2423.dat
1 2 -0.001209 -152.000000 -0.053955 0.500024 0.000000 -0.866052 0.000000 1.000000 0.000000 0.866052 0.000000 0.500024 2423.dat
0 NOFILE
0 FILE Tall Tree
0 Tall Tree
0 Name:  Tall Tree
0 Author:  
0 CustomBrick
0 NumOfBricks:  20
1 308 0.000000 -48.000000 0.000000 1.000000 0.000000 0.000000 0.000000 1.000000 0.000000 0.000000 0.000000 1.000000 3062b.dat
1 308 0.000000 -72.000000 0.000000 1.000000 0.000000 0.000000 0.000000 1.000000 0.000000 0.000000 0.000000 1.000000 3062b.dat
1 308 0.000000 -96.000000 0.000000 1.000000 0.000000 0.000000 0.000000 1.000000 0.000000 0.000000 0.000000 1.000000 3062b.dat
1 2 0.000000 -104.000000 0.000000 1.000000 0.000000 0.000000 0.000000 1.000000 0.000000 0.000000 0.000000 1.000000 2417.dat
1 2 -0.000015 -112.000000 0.000000 -1.000000 0.000000 0.000000 0.000000 1.000000 0.000000 0.000000 0.000000 -1.000000 2423.dat
1 2 -0.000015 -120.000000 0.000000 0.342010 0.000000 0.939691 0.000000 1.000000 0.000000 -0.939691 0.000000 0.342010 2417.dat
1 2 -0.000031 -128.000000 0.000000 -0.342010 0.000000 -0.939691 0.000000 1.000000 0.000000 0.939691 0.000000 -0.342010 2423.dat
1 2 -0.000031 -136.000000 0.000000 -0.766050 0.000000 0.642781 0.000000 1.000000 0.000000 -0.642781 0.000000 -0.766050 2417.dat
1 2 -0.000092 -144.000000 0.000061 0.766050 0.000000 -0.642781 0.000000 1.000000 0.000000 0.642781 0.000000 0.766050 2423.dat
1 2 -0.000092 -152.000000 0.000061 -0.866021 0.000000 -0.500005 0.000000 1.000000 0.000000 0.500005 0.000000 -0.866021 2417.dat
1 308 0.000000 -24.000000 0.000000 1.000000 0.000000 0.000000 0.000000 1.000000 0.000000 0.000000 0.000000 1.000000 3062b.dat
1 2 -0.000087 -160.000000 0.000061 0.866022 0.000000 0.500006 0.000000 1.000000 0.000000 -0.500006 0.000000 0.866022 2423.dat
1 2 -0.000080 -168.000000 0.000061 -0.342030 0.000000 0.939689 0.000000 1.000000 0.000000 -0.939689 0.000000 -0.342030 2417.dat
1 2 -0.000013 -176.000000 0.000183 0.342029 0.000000 -0.939692 0.000000 1.000000 0.000000 0.939690 0.000000 0.342030 2423.dat
1 2 -0.000010 -184.000000 0.000214 1.000000 0.000000 0.000012 0.000000 1.000000 0.000000 -0.000012 0.000000 1.000000 2417.dat
1 2 -0.000286 -192.000000 0.000214 -1.000000 0.000000 -0.000011 0.000000 1.000000 0.000000 0.000011 0.000000 -1.000003 2423.dat
1 2 -0.000327 -216.000000 0.000183 -0.499985 0.000000 -0.866033 0.000000 1.000000 0.000000 0.866034 0.000000 -0.499986 32607.dat
1 2 -0.000386 -224.000000 0.000122 0.610133 0.000000 0.792302 0.000000 1.000000 0.000000 -0.792302 0.000000 0.610132 32607.dat
1 2 -0.000325 -200.000000 0.000214 0.500012 0.000000 -0.866019 0.000000 1.000000 0.000000 0.866019 0.000000 0.500012 2423.dat
1 2 -0.000323 -208.000000 0.000214 0.499986 0.000000 0.866034 0.000000 1.000000 0.000000 -0.866034 0.000000 0.499986 2423.dat
0 NOFILE
0 FILE Medium Tree
0 Medium Tree
0 Name:  Medium Tree
0 Author:  
0 CustomBrick
0 NumOfBricks:  15
1 308 0.000000 -24.000000 0.000000 1.000000 0.000000 0.000000 0.000000 1.000000 0.000000 0.000000 0.000000 1.000000 3062b.dat
1 308 0.000000 -48.000000 0.000000 1.000000 0.000000 0.000000 0.000000 1.000000 0.000000 0.000000 0.000000 1.000000 3062b.dat
1 308 -0.000002 -72.000000 0.000000 1.000000 0.000000 0.000000 0.000000 1.000000 0.000000 0.000000 0.000000 1.000000 3062b.dat
1 2 -0.000002 -80.000000 0.000000 1.000000 0.000000 0.000000 0.000000 1.000000 0.000000 0.000000 0.000000 1.000000 2417.dat
1 2 -0.000010 -88.000000 -0.000011 -1.000000 0.000000 0.000000 0.000000 1.000000 0.000000 0.000000 0.000000 -1.000000 2423.dat
1 2 -0.000011 -96.000000 -0.000011 0.342010 0.000000 0.939691 0.000000 1.000000 0.000000 -0.939691 0.000000 0.342010 2417.dat
1 2 -0.000026 -104.000000 -0.000008 -0.342010 0.000000 -0.939691 0.000000 1.000000 0.000000 0.939691 0.000000 -0.342010 2423.dat
1 2 -0.000028 -112.000000 -0.000008 -0.766050 0.000000 0.642781 0.000000 1.000000 0.000000 -0.642781 0.000000 -0.766050 2417.dat
1 2 -0.000092 -120.000000 0.000042 0.766050 0.000000 -0.642781 0.000000 1.000000 0.000000 0.642781 0.000000 0.766050 2423.dat
1 2 -0.000091 -128.000000 0.000042 -0.866021 0.000000 -0.500005 0.000000 1.000000 0.000000 0.500005 0.000000 -0.866021 2417.dat
1 2 -0.000070 -136.000000 0.000156 0.866021 0.000000 0.500006 0.000000 1.000000 0.000000 -0.500005 0.000000 0.866021 2423.dat
1 2 -0.000071 -144.000000 0.000156 0.500006 0.000000 -0.866022 0.000000 1.000000 0.000000 0.866022 0.000000 0.500006 2423.dat
1 2 -0.000069 -152.000000 0.000160 -0.965928 0.000000 0.258812 0.000000 1.000000 0.000000 -0.258812 0.000000 -0.965928 2423.dat
1 2 -0.000069 -160.000000 0.000160 0.819157 0.000000 -0.573570 0.000000 1.000000 0.000000 0.573570 0.000000 0.819157 32607.dat
1 2 -0.000069 -168.000000 0.000160 -0.736104 0.000000 0.676869 0.000000 1.000000 0.000000 -0.676869 0.000000 -0.736104 32607.dat
0 NOFILE
0 FILE Small Tree
0 Small Tree
0 Name:  Small Tree
0 Author:  
0 CustomBrick
0 NumOfBricks:  13
1 308 0.000000 -24.000000 0.000000 1.000000 0.000000 0.000000 0.000000 1.000000 0.000000 0.000000 0.000000 1.000000 3062b.dat
1 308 0.000000 -48.000000 0.000000 1.000000 0.000000 0.000000 0.000000 1.000000 0.000000 0.000000 0.000000 1.000000 3062b.dat
1 308 0.000000 -72.000000 0.000000 1.000000 0.000000 0.000000 0.000000 1.000000 0.000000 0.000000 0.000000 1.000000 3062b.dat
1 2 0.000000 -80.000000 0.000000 1.000000 0.000000 0.000000 0.000000 1.000000 0.000000 0.000000 0.000000 1.000000 2417.dat
1 2 -0.000008 -88.000000 -0.000015 -1.000000 0.000000 0.000000 0.000000 1.000000 0.000000 0.000000 0.000000 -1.000000 2423.dat
1 2 -0.000008 -96.000000 -0.000015 0.500004 0.000000 -0.866022 0.000000 1.000000 0.000000 0.866022 0.000000 0.500004 2417.dat
1 2 0.000002 -104.000000 -0.000015 -0.500003 0.000000 0.866022 0.000000 1.000000 0.000000 -0.866022 0.000000 -0.500003 2423.dat
1 2 0.000000 -112.000000 -0.000015 0.499986 0.000000 0.866031 0.000000 1.000000 0.000000 -0.866031 0.000000 0.499986 2417.dat
1 2 -0.000242 -120.000000 -0.000015 -0.499986 0.000000 -0.866030 0.000000 1.000000 0.000000 0.866030 0.000000 -0.499986 2423.dat
1 2 -0.000237 -128.000000 -0.000015 1.000000 0.000000 0.000016 0.000000 1.000000 0.000000 -0.000016 0.000000 1.000000 2423.dat
1 2 -0.000237 -136.000000 -0.000031 -0.500019 0.000000 0.866015 0.000000 1.000000 0.000000 -0.866015 0.000000 -0.500019 2423.dat
1 2 -0.000240 -144.000000 -0.000031 1.000000 0.000000 0.000025 0.000000 1.000000 0.000000 -0.000025 0.000000 1.000000 32607.dat
1 2 -0.000242 -152.000000 -0.000031 -1.000000 0.000000 -0.000025 0.000000 1.000000 0.000000 0.000025 0.000000 -1.000000 32607.dat
0 NOFILE
0 FILE Extra Small tRee
0 Extra Small tRee
0 Name:  Extra Small tRee
0 Author:  
0 CustomBrick
0 NumOfBricks:  10
1 308 0.000000 -24.000000 0.000000 1.000000 0.000000 0.000000 0.000000 1.000000 0.000000 0.000000 0.000000 1.000000 3062b.dat
1 308 0.000000 -48.000000 0.000000 1.000000 0.000000 0.000000 0.000000 1.000000 0.000000 0.000000 0.000000 1.000000 3062b.dat
1 2 -0.000023 -56.000000 0.000000 0.000000 0.000000 -1.000000 0.000000 1.000000 0.000000 1.000000 0.000000 0.000000 2423.dat
1 2 0.001122 -64.000000 0.001251 0.866024 0.000000 0.500004 0.000000 1.000000 0.000000 -0.500000 0.000000 0.866027 2423.dat
1 2 0.001118 -72.000000 0.001221 -0.866032 0.000000 0.499993 0.000000 1.000000 0.000000 -0.499995 0.000000 -0.866030 2423.dat
1 2 0.000000 -72.000000 0.000000 -0.819152 0.000000 -0.573577 0.000000 1.000000 0.000000 0.573577 0.000000 -0.819152 2423.dat
1 2 0.001125 -80.000000 0.001221 0.866027 0.000000 -0.499997 0.000000 1.000000 0.000000 0.499997 0.000000 0.866027 2423.dat
1 2 0.001141 -88.000000 0.001190 -0.000003 0.000000 1.000000 0.000000 1.000000 0.000000 -1.000000 0.000000 -0.000003 2423.dat
1 2 0.001137 -96.000000 0.001190 1.000000 0.000000 0.000025 0.000000 1.000000 0.000000 -0.000025 0.000000 1.000000 32607.dat
1 2 0.001141 -104.000000 0.001190 -1.000000 0.000000 -0.000025 0.000000 1.000000 0.000000 0.000025 0.000000 -1.000000 32607.dat
0 NOFILE
0 FILE Dark Large Tree
0 Dark Large Tree
0 Name:  Dark Large Tree
0 Author:  
0 CustomBrick
0 NumOfBricks:  20
1 308 0.000000 -48.000000 0.000000 1.000000 0.000000 0.000000 0.000000 1.000000 0.000000 0.000000 0.000000 1.000000 3062b.dat
1 308 0.000000 -72.000000 0.000000 1.000000 0.000000 0.000000 0.000000 1.000000 0.000000 0.000000 0.000000 1.000000 3062b.dat
1 308 0.000000 -96.000000 0.000000 1.000000 0.000000 0.000000 0.000000 1.000000 0.000000 0.000000 0.000000 1.000000 3062b.dat
1 2 0.000000 -104.000000 0.000000 1.000000 0.000000 0.000000 0.000000 1.000000 0.000000 0.000000 0.000000 1.000000 2417.dat
1 330 0.000000 -112.000000 0.000000 -1.000000 0.000000 0.000000 0.000000 1.000000 0.000000 0.000000 0.000000 -1.000000 2423.dat
1 2 0.000000 -120.000000 0.000000 0.342010 0.000000 0.939691 0.000000 1.000000 0.000000 -0.939691 0.000000 0.342010 2417.dat
1 330 -0.000061 -128.000000 0.000000 -0.342010 0.000000 -0.939691 0.000000 1.000000 0.000000 0.939691 0.000000 -0.342010 2423.dat
1 2 -0.000061 -136.000000 0.000000 -0.766050 0.000000 0.642781 0.000000 1.000000 0.000000 -0.642781 0.000000 -0.766050 2417.dat
1 330 -0.000061 -144.000000 0.000000 0.766050 0.000000 -0.642781 0.000000 1.000000 0.000000 0.642781 0.000000 0.766050 2423.dat
1 2 -0.000061 -152.000000 0.000000 -0.866021 0.000000 -0.500005 0.000000 1.000000 0.000000 0.500005 0.000000 -0.866021 2417.dat
1 308 0.000000 -24.000000 0.000000 1.000000 0.000000 0.000000 0.000000 1.000000 0.000000 0.000000 0.000000 1.000000 3062b.dat
1 330 -0.000061 -160.000000 0.000000 0.866022 0.000000 0.500006 0.000000 1.000000 0.000000 -0.500006 0.000000 0.866022 2423.dat
1 2 -0.000061 -168.000000 0.000000 -0.342030 0.000000 0.939689 0.000000 1.000000 0.000000 -0.939689 0.000000 -0.342030 2417.dat
1 330 0.000000 -176.000000 0.000122 0.342029 0.000000 -0.939692 0.000000 1.000000 0.000000 0.939690 0.000000 0.342030 2423.dat
1 2 0.000000 -184.000000 0.000183 1.000000 0.000000 0.000012 0.000000 1.000000 0.000000 -0.000012 0.000000 1.000000 2417.dat
