0 Untitled Model
0 Name:  Plants
0 Author:  
0 CustomBrick
1 308 -10.000000 -24.000000 -50.000000 1.000000 0.000000 0.000000 0.000000 1.000000 0.000000 0.000000 0.000000 1.000000 3062b.dat
1 308 -10.000000 -48.000000 -50.000000 1.000000 0.000000 0.000000 0.000000 1.000000 0.000000 0.000000 0.000000 1.000000 3062b.dat
1 308 -10.000000 -72.000000 -50.000000 1.000000 0.000000 0.000000 0.000000 1.000000 0.000000 0.000000 0.000000 1.000000 3062b.dat
1 2 -10.000000 -80.000000 -50.000000 1.000000 0.000000 0.000000 0.000000 1.000000 0.000000 0.000000 0.000000 1.000000 2417.dat
1 2 -10.000010 -88.000000 -50.000010 -1.000000 0.000000 0.000000 0.000000 1.000000 0.000000 0.000000 0.000000 -1.000000 2423.dat
1 2 -10.000010 -96.000000 -50.000010 0.342010 0.000000 0.939691 0.000000 1.000000 0.000000 -0.939691 0.000000 0.342010 2417.dat
1 2 -10.000030 -104.000000 -50.000010 -0.342010 0.000000 -0.939691 0.000000 1.000000 0.000000 0.939691 0.000000 -0.342010 2423.dat
1 2 -10.000030 -112.000000 -50.000010 -0.766050 0.000000 0.642781 0.000000 1.000000 0.000000 -0.642781 0.000000 -0.766050 2417.dat
1 2 -10.000090 -120.000000 -49.999960 0.766050 0.000000 -0.642781 0.000000 1.000000 0.000000 0.642781 0.000000 0.766050 2423.dat
1 2 -10.000090 -128.000000 -49.999960 -0.866021 0.000000 -0.500005 0.000000 1.000000 0.000000 0.500005 0.000000 -0.866021 2417.dat
1 2 -10.000070 -136.000000 -49.999840 0.866021 0.000000 0.500006 0.000000 1.000000 0.000000 -0.500005 0.000000 0.866021 2423.dat
1 2 -10.000070 -144.000000 -49.999840 0.500006 0.000000 -0.866022 0.000000 1.000000 0.000000 0.866022 0.000000 0.500006 2423.dat
1 2 -10.000070 -152.000000 -49.999840 -0.965928 0.000000 0.258812 0.000000 1.000000 0.000000 -0.258812 0.000000 -0.965928 2423.dat
1 2 -10.000070 -160.000000 -49.999840 0.819157 0.000000 -0.573570 0.000000 1.000000 0.000000 0.573570 0.000000 0.819157 32607.dat
1 2 -10.000070 -168.000000 -49.999840 -0.736104 0.000000 0.676869 0.000000 1.000000 0.000000 -0.676869 0.000000 -0.736104 32607.dat
1 308 -30.000000 -24.000000 210.000000 1.000000 0.000000 0.000000 0.000000 1.000000 0.000000 0.000000 0.000000 1.000000 3062b.dat
1 308 -30.000000 -48.000000 210.000000 1.000000 0.000000 0.000000 0.000000 1.000000 0.000000 0.000000 0.000000 1.000000 3062b.dat
1 308 -30.000000 -72.000000 210.000000 1.000000 0.000000 0.000000 0.000000 1.000000 0.000000 0.000000 0.000000 1.000000 3062b.dat
1 2 -30.000000 -80.000000 210.000000 1.000000 0.000000 0.000000 0.000000 1.000000 0.000000 0.000000 0.000000 1.000000 2417.dat
1 2 -30.000010 -88.000000 210.000000 -1.000000 0.000000 0.000000 0.000000 1.000000 0.000000 0.000000 0.000000 -1.000000 2423.dat
1 2 -30.000010 -96.000000 210.000000 0.500004 0.000000 -0.866022 0.000000 1.000000 0.000000 0.866022 0.000000 0.500004 2417.dat
1 2 -30.000000 -104.000000 210.000000 -0.500003 0.000000 0.866022 0.000000 1.000000 0.000000 -0.866022 0.000000 -0.500003 2423.dat
1 2 -30.000000 -112.000000 210.000000 0.499986 0.000000 0.866031 0.000000 1.000000 0.000000 -0.866031 0.000000 0.499986 2417.dat
1 2 -30.000240 -120.000000 210.000000 -0.499986 0.000000 -0.866030 0.000000 1.000000 0.000000 0.866030 0.000000 -0.499986 2423.dat
1 2 -30.000240 -128.000000 210.000000 1.000000 0.000000 0.000016 0.000000 1.000000 0.000000 -0.000016 0.000000 1.000000 2423.dat
1 2 -30.000240 -136.000000 210.000000 -0.500019 0.000000 0.866015 0.000000 1.000000 0.000000 -0.866015 0.000000 -0.500019 2423.dat
1 2 -30.000240 -144.000000 210.000000 1.000000 0.000000 0.000025 0.000000 1.000000 0.000000 -0.000025 0.000000 1.000000 32607.dat
1 2 -30.000240 -152.000000 210.000000 -1.000000 0.000000 -0.000025 0.000000 1.000000 0.000000 0.000025 0.000000 -1.000000 32607.dat
1 308 -50.000000 -24.000000 430.000000 1.000000 0.000000 0.000000 0.000000 1.000000 0.000000 0.000000 0.000000 1.000000 3062b.dat
1 308 -50.000000 -48.000000 430.000000 1.000000 0.000000 0.000000 0.000000 1.000000 0.000000 0.000000 0.000000 1.000000 3062b.dat
1 2 -50.000020 -56.000000 430.000000 0.000000 0.000000 -1.000000 0.000000 1.000000 0.000000 1.000000 0.000000 0.000000 2423.dat
1 2 -49.998880 -64.000000 430.001300 0.866024 0.000000 0.500004 0.000000 1.000000 0.000000 -0.500000 0.000000 0.866027 2423.dat
1 2 -49.998880 -72.000000 430.001200 -0.866032 0.000000 0.499993 0.000000 1.000000 0.000000 -0.499995 0.000000 -0.866030 2423.dat
1 2 -50.000000 -72.000000 430.000000 -0.819152 0.000000 -0.573577 0.000000 1.000000 0.000000 0.573577 0.000000 -0.819152 2423.dat
1 2 -49.998870 -80.000000 430.001200 0.866027 0.000000 -0.499997 0.000000 1.000000 0.000000 0.499997 0.000000 0.866027 2423.dat
1 2 -49.998860 -88.000000 430.001200 -0.000003 0.000000 1.000000 0.000000 1.000000 0.000000 -1.000000 0.000000 -0.000003 2423.dat
1 2 -49.998860 -96.000000 430.001200 1.000000 0.000000 0.000025 0.000000 1.000000 0.000000 -0.000025 0.000000 1.000000 32607.dat
1 2 -49.998860 -104.000000 430.001200 -1.000000 0.000000 -0.000025 0.000000 1.000000 0.000000 0.000025 0.000000 -1.000000 32607.dat
1 2 290.000000 -10.000000 210.000000 1.000000 0.000000 0.000000 0.000000 1.000000 0.000000 0.000000 0.000000 1.000000 19119.dat
1 2 298.511300 -37.883790 195.446400 0.965384 -0.254298 0.058012 0.254298 0.868163 -0.426176 0.058012 0.426176 0.902778 24866.dat
1 2 315.945800 -22.388760 210.000000 0.358368 -0.933581 0.000000 0.933581 0.358368 0.000000 0.000000 0.000000 1.000000 24866.dat
1 2 276.289900 -23.236070 234.060600 -0.091562 0.493663 -0.864820 0.937983 0.334372 0.091561 0.334372 -0.802802 -0.493664 24866.dat
1 2 273.175500 -37.947810 210.000000 -0.871231 0.490874 0.000000 0.490874 0.871231 0.000000 0.000000 0.000000 -1.000000 24866.dat
1 2 298.453300 -37.732690 224.438500 -0.965079 -0.255462 -0.057983 -0.199592 0.860431 -0.468853 0.169664 -0.440907 -0.881371 24866.dat
1 2 277.147400 -22.413850 187.604300 -0.011206 0.455940 0.889940 0.915879 0.361855 -0.173856 -0.401297 0.813129 -0.421641 24866.dat
1 70 290.000000 -4.000000 210.000000 1.000000 0.000000 0.000000 0.000000 1.000000 0.000000 0.000000 0.000000 1.000000 85861.dat
1 308 10.000000 -48.000000 -290.000000 1.000000 0.000000 0.000000 0.000000 1.000000 0.000000 0.000000 0.000000 1.000000 3062b.dat
1 308 10.000000 -72.000000 -290.000000 1.000000 0.000000 0.000000 0.000000 1.000000 0.000000 0.000000 0.000000 1.000000 3062b.dat
1 308 10.000000 -96.000000 -290.000000 1.000000 0.000000 0.000000 0.000000 1.000000 0.000000 0.000000 0.000000 1.000000 3062b.dat
1 2 10.000000 -104.000000 -290.000000 1.000000 0.000000 0.000000 0.000000 1.000000 0.000000 0.000000 0.000000 1.000000 2417.dat
1 2 9.999985 -112.000000 -290.000000 -1.000000 0.000000 0.000000 0.000000 1.000000 0.000000 0.000000 0.000000 -1.000000 2423.dat
1 2 9.999985 -120.000000 -290.000000 0.342010 0.000000 0.939691 0.000000 1.000000 0.000000 -0.939691 0.000000 0.342010 2417.dat
1 2 9.999969 -128.000000 -290.000000 -0.342010 0.000000 -0.939691 0.000000 1.000000 0.000000 0.939691 0.000000 -0.342010 2423.dat
1 2 9.999969 -136.000000 -290.000000 -0.766050 0.000000 0.642781 0.000000 1.000000 0.000000 -0.642781 0.000000 -0.766050 2417.dat
1 2 9.999908 -144.000000 -289.999900 0.766050 0.000000 -0.642781 0.000000 1.000000 0.000000 0.642781 0.000000 0.766050 2423.dat
1 2 9.999908 -152.000000 -289.999900 -0.866021 0.000000 -0.500005 0.000000 1.000000 0.000000 0.500005 0.000000 -0.866021 2417.dat
1 308 10.000000 -24.000000 -290.000000 1.000000 0.000000 0.000000 0.000000 1.000000 0.000000 0.000000 0.000000 1.000000 3062b.dat
1 2 9.999913 -160.000000 -289.999900 0.866022 0.000000 0.500006 0.000000 1.000000 0.000000 -0.500006 0.000000 0.866022 2423.dat
1 2 9.999920 -168.000000 -289.999900 -0.342030 0.000000 0.939689 0.000000 1.000000 0.000000 -0.939689 0.000000 -0.342030 2417.dat
1 2 9.999987 -176.000000 -289.999800 0.342029 0.000000 -0.939692 0.000000 1.000000 0.000000 0.939690 0.000000 0.342030 2423.dat
1 2 9.999990 -184.000000 -289.999800 1.000000 0.000000 0.000012 0.000000 1.000000 0.000000 -0.000012 0.000000 1.000000 2417.dat
1 2 9.999714 -192.000000 -289.999800 -1.000000 0.000000 -0.000011 0.000000 1.000000 0.000000 0.000011 0.000000 -1.000003 2423.dat
1 2 9.999673 -216.000000 -289.999800 -0.499985 0.000000 -0.866033 0.000000 1.000000 0.000000 0.866034 0.000000 -0.499986 32607.dat
1 2 9.999614 -224.000000 -289.999900 0.610133 0.000000 0.792302 0.000000 1.000000 0.000000 -0.792302 0.000000 0.610132 32607.dat
1 2 9.999675 -200.000000 -289.999800 0.500012 0.000000 -0.866019 0.000000 1.000000 0.000000 0.866019 0.000000 0.500012 2423.dat
1 2 9.999677 -208.000000 -289.999800 0.499986 0.000000 0.866034 0.000000 1.000000 0.000000 -0.866034 0.000000 0.499986 2423.dat
1 308 -90.000000 -24.000000 930.000000 1.000000 0.000000 0.000000 0.000000 1.000000 0.000000 0.000000 0.000000 1.000000 3062b.dat
1 308 -90.000000 -48.000000 930.000000 1.000000 0.000000 0.000000 0.000000 1.000000 0.000000 0.000000 0.000000 1.000000 3062b.dat
1 308 -90.000000 -72.000000 930.000000 1.000000 0.000000 0.000000 0.000000 1.000000 0.000000 0.000000 0.000000 1.000000 3062b.dat
1 2 -90.000000 -80.000000 930.000000 1.000000 0.000000 0.000000 0.000000 1.000000 0.000000 0.000000 0.000000 1.000000 2417.dat
1 330 -90.000000 -88.000000 929.999900 -1.000000 0.000000 0.000000 0.000000 1.000000 0.000000 0.000000 0.000000 -1.000000 2423.dat
1 2 -90.000000 -96.000000 929.999900 0.342010 0.000000 0.939691 0.000000 1.000000 0.000000 -0.939691 0.000000 0.342010 2417.dat
1 330 -90.000000 -104.000000 929.999900 -0.342010 0.000000 -0.939691 0.000000 1.000000 0.000000 0.939691 0.000000 -0.342010 2423.dat
1 2 -90.000000 -112.000000 929.999900 -0.766050 0.000000 0.642781 0.000000 1.000000 0.000000 -0.642781 0.000000 -0.766050 2417.dat
1 330 -90.000060 -120.000000 930.000000 0.766050 0.000000 -0.642781 0.000000 1.000000 0.000000 0.642781 0.000000 0.766050 2423.dat
1 2 -90.000060 -128.000000 930.000000 -0.866021 0.000000 -0.500005 0.000000 1.000000 0.000000 0.500005 0.000000 -0.866021 2417.dat
1 330 -90.000060 -136.000000 930.000100 0.866021 0.000000 0.500006 0.000000 1.000000 0.000000 -0.500005 0.000000 0.866021 2423.dat
1 2 -90.000060 -144.000000 930.000100 0.500006 0.000000 -0.866022 0.000000 1.000000 0.000000 0.866022 0.000000 0.500006 2423.dat
1 2 -90.000060 -152.000000 930.000100 -0.965928 0.000000 0.258812 0.000000 1.000000 0.000000 -0.258812 0.000000 -0.965928 2423.dat
1 2 -90.000060 -160.000000 930.000100 0.819157 0.000000 -0.573570 0.000000 1.000000 0.000000 0.573570 0.000000 0.819157 32607.dat
1 2 -90.000060 -168.000000 930.000100 -0.736104 0.000000 0.676869 0.000000 1.000000 0.000000 -0.676869 0.000000 -0.736104 32607.dat
1 308 -110.000000 -24.000000 1190.000000 1.000000 0.000000 0.000000 0.000000 1.000000 0.000000 0.000000 0.000000 1.000000 3062b.dat
1 308 -110.000000 -48.000000 1190.000000 1.000000 0.000000 0.000000 0.000000 1.000000 0.000000 0.000000 0.000000 1.000000 3062b.dat
1 308 -110.000000 -72.000000 1190.000000 1.000000 0.000000 0.000000 0.000000 1.000000 0.000000 0.000000 0.000000 1.000000 3062b.dat
1 2 -110.000000 -80.000000 1190.000000 1.000000 0.000000 0.000000 0.000000 1.000000 0.000000 0.000000 0.000000 1.000000 2417.dat
1 330 -110.000000 -88.000000 1190.000000 -1.000000 0.000000 0.000000 0.000000 1.000000 0.000000 0.000000 0.000000 -1.000000 2423.dat
1 2 -110.000000 -96.000000 1190.000000 0.500004 0.000000 -0.866022 0.000000 1.000000 0.000000 0.866022 0.000000 0.500004 2417.dat
1 330 -110.000000 -104.000000 1190.000000 -0.500003 0.000000 0.866022 0.000000 1.000000 0.000000 -0.866022 0.000000 -0.500003 2423.dat
1 2 -110.000000 -112.000000 1190.000000 0.499986 0.000000 0.866031 0.000000 1.000000 0.000000 -0.866031 0.000000 0.499986 2417.dat
1 330 -110.000200 -120.000000 1190.000000 -0.499986 0.000000 -0.866030 0.000000 1.000000 0.000000 0.866030 0.000000 -0.499986 2423.dat
1 330 -110.000200 -128.000000 1190.000000 1.000000 0.000000 0.000016 0.000000 1.000000 0.000000 -0.000016 0.000000 1.000000 2423.dat
1 2 -110.000200 -136.000000 1190.000000 -0.500019 0.000000 0.866015 0.000000 1.000000 0.000000 -0.866015 0.000000 -0.500019 2423.dat
1 2 -110.000200 -144.000000 1190.000000 1.000000 0.000000 0.000025 0.000000 1.000000 0.000000 -0.000025 0.000000 1.000000 32607.dat
1 2 -110.000200 -152.000000 1190.000000 -1.000000 0.000000 -0.000025 0.000000 1.000000 0.000000 0.000025 0.000000 -1.000000 32607.dat
1 308 -130.000000 -24.000000 1410.000000 1.000000 0.000000 0.000000 0.000000 1.000000 0.000000 0.000000 0.000000 1.000000 3062b.dat
1 308 -130.000000 -48.000000 1410.000000 1.000000 0.000000 0.000000 0.000000 1.000000 0.000000 0.000000 0.000000 1.000000 3062b.dat
1 330 -130.000000 -56.000000 1410.000000 0.000000 0.000000 -1.000000 0.000000 1.000000 0.000000 1.000000 0.000000 0.000000 2423.dat
1 330 -129.998900 -64.000000 1410.001000 0.866024 0.000000 0.500004 0.000000 1.000000 0.000000 -0.500000 0.000000 0.866027 2423.dat
1 330 -129.998900 -72.000000 1410.001000 -0.866032 0.000000 0.499993 0.000000 1.000000 0.000000 -0.499995 0.000000 -0.866030 2423.dat
1 2 -130.000000 -72.000000 1410.000000 -0.819152 0.000000 -0.573577 0.000000 1.000000 0.000000 0.573577 0.000000 -0.819152 2423.dat
1 2 -129.998900 -80.000000 1410.001000 0.866027 0.000000 -0.499997 0.000000 1.000000 0.000000 0.499997 0.000000 0.866027 2423.dat
1 2 -129.998800 -88.000000 1410.001000 -0.000003 0.000000 1.000000 0.000000 1.000000 0.000000 -1.000000 0.000000 -0.000003 2423.dat
1 2 -129.998800 -96.000000 1410.001000 1.000000 0.000000 0.000025 0.000000 1.000000 0.000000 -0.000025 0.000000 1.000000 32607.dat
1 2 -129.998800 -104.000000 1410.001000 -1.000000 0.000000 -0.000025 0.000000 1.000000 0.000000 0.000025 0.000000 -1.000000 32607.dat
1 308 -70.000000 -48.000000 690.000000 1.000000 0.000000 0.000000 0.000000 1.000000 0.000000 0.000000 0.000000 1.000000 3062b.dat
1 308 -70.000000 -72.000000 690.000000 1.000000 0.000000 0.000000 0.000000 1.000000 0.000000 0.000000 0.000000 1.000000 3062b.dat
1 308 -70.000000 -96.000000 690.000000 1.000000 0.000000 0.000000 0.000000 1.000000 0.000000 0.000000 0.000000 1.000000 3062b.dat
1 2 -70.000000 -104.000000 690.000000 1.000000 0.000000 0.000000 0.000000 1.000000 0.000000 0.000000 0.000000 1.000000 2417.dat
1 330 -70.000000 -112.000000 690.000000 -1.000000 0.000000 0.000000 0.000000 1.000000 0.000000 0.000000 0.000000 -1.000000 2423.dat
1 2 -70.000000 -120.000000 690.000000 0.342010 0.000000 0.939691 0.000000 1.000000 0.000000 -0.939691 0.000000 0.342010 2417.dat
1 330 -70.000060 -128.000000 690.000000 -0.342010 0.000000 -0.939691 0.000000 1.000000 0.000000 0.939691 0.000000 -0.342010 2423.dat
1 2 -70.000060 -136.000000 690.000000 -0.766050 0.000000 0.642781 0.000000 1.000000 0.000000 -0.642781 0.000000 -0.766050 2417.dat
1 330 -70.000060 -144.000000 690.000000 0.766050 0.000000 -0.642781 0.000000 1.000000 0.000000 0.642781 0.000000 0.766050 2423.dat
1 2 -70.000060 -152.000000 690.000000 -0.866021 0.000000 -0.500005 0.000000 1.000000 0.000000 0.500005 0.000000 -0.866021 2417.dat
1 308 -70.000000 -24.000000 690.000000 1.000000 0.000000 0.000000 0.000000 1.000000 0.000000 0.000000 0.000000 1.000000 3062b.dat
1 330 -70.000060 -160.000000 690.000000 0.866022 0.000000 0.500006 0.000000 1.000000 0.000000 -0.500006 0.000000 0.866022 2423.dat
1 2 -70.000060 -168.000000 690.000000 -0.342030 0.000000 0.939689 0.000000 1.000000 0.000000 -0.939689 0.000000 -0.342030 2417.dat
1 330 -70.000000 -176.000000 690.000100 0.342029 0.000000 -0.939692 0.000000 1.000000 0.000000 0.939690 0.000000 0.342030 2423.dat
1 2 -70.000000 -184.000000 690.000200 1.000000 0.000000 0.000012 0.000000 1.000000 0.000000 -0.000012 0.000000 1.000000 2417.dat
1 330 -70.000310 -192.000000 690.000200 -1.000000 0.000000 -0.000011 0.000000 1.000000 0.000000 0.000011 0.000000 -1.000003 2423.dat
1 2 -70.000310 -216.000000 690.000100 -0.499985 0.000000 -0.866033 0.000000 1.000000 0.000000 0.866034 0.000000 -0.499986 32607.dat
1 2 -70.000370 -224.000000 690.000100 0.610133 0.000000 0.792302 0.000000 1.000000 0.000000 -0.792302 0.000000 0.610132 32607.dat
1 2 -70.000310 -200.000000 690.000200 0.500012 0.000000 -0.866019 0.000000 1.000000 0.000000 0.866019 0.000000 0.500012 2423.dat
1 2 -70.000310 -208.000000 690.000200 0.499986 0.000000 0.866034 0.000000 1.000000 0.000000 -0.866034 0.000000 0.499986 2423.dat
1 10 290.000000 0.000000 610.000000 1.000000 0.000000 0.000000 0.000000 1.000000 0.000000 0.000000 0.000000 1.000000 15279.dat
1 70 310.000000 -8.000000 390.000000 1.000000 0.000000 0.000000 0.000000 1.000000 0.000000 0.000000 0.000000 1.000000 85861.dat
1 2 310.000000 -16.000000 390.000000 1.000000 0.000000 0.000000 0.000000 1.000000 0.000000 0.000000 0.000000 1.000000 32607.dat
1 2 310.000000 -24.000000 390.000000 -1.000000 0.000000 0.000000 0.000000 1.000000 0.000000 0.000000 0.000000 -1.000000 32607.dat
1 2 170.000000 -2.000000 470.000000 0.000000 0.000000 1.000000 0.000000 1.000000 0.000000 -1.000000 0.000000 0.000000 55236.dat
1 70 170.000000 -8.000000 470.000000 1.000000 0.000000 0.000000 0.000000 1.000000 0.000000 0.000000 0.000000 1.000000 85861.dat
1 2 190.000000 0.000000 390.000000 0.000000 0.000000 -1.000000 0.000000 1.000000 0.000000 1.000000 0.000000 0.000000 55236.dat
1 70 190.000000 -6.000000 390.000000 -1.000000 0.000000 0.000000 0.000000 1.000000 0.000000 0.000000 0.000000 -1.000000 85861.dat
1 2 210.000000 0.000000 430.000000 0.000000 0.000000 -1.000000 0.000000 1.000000 0.000000 1.000000 0.000000 0.000000 55236.dat
1 70 210.001900 -6.000000 430.002300 -1.000017 0.000000 0.000000 0.000000 1.000000 0.000000 0.000000 0.000000 -1.000017 85861.dat
1 2 150.000000 0.000000 510.000000 0.000001 0.000000 1.000000 0.000000 1.000000 0.000000 -1.000000 0.000000 0.000001 55236.dat
1 70 150.000000 -6.000000 509.999900 1.000000 0.000000 0.000000 0.000000 1.000000 0.000000 0.000000 0.000000 1.000000 85861.dat
1 2 330.000000 -16.000000 50.000000 1.000000 0.000000 0.000000 0.000000 1.000000 0.000000 0.000000 0.000000 1.000000 3741.dat
1 4 349.192800 -40.729640 38.810830 0.913619 -0.403810 0.047298 0.403810 0.887722 -0.221105 0.047298 0.221105 0.974102 3742.dat
1 4 330.000000 -34.009130 69.113290 1.000000 0.000000 0.000000 0.000000 0.900871 0.434086 0.000000 -0.434086 0.900871 3742.dat
1 4 312.138200 -37.262030 39.746870 0.920430 0.388389 -0.044292 -0.388390 0.895776 -0.216194 -0.044292 0.216194 0.975345 3742.dat
1 2 330.000000 -16.000000 -50.000000 1.000000 0.000000 0.000000 0.000000 1.000000 0.000000 0.000000 0.000000 1.000000 3741.dat
1 14 349.192800 -40.729640 -61.189160 0.913619 -0.403810 0.047298 0.403810 0.887722 -0.221105 0.047298 0.221105 0.974102 3742.dat
1 14 330.000000 -34.009130 -30.886710 1.000000 0.000000 0.000000 0.000000 0.900871 0.434086 0.000000 -0.434086 0.900871 3742.dat
1 14 312.138200 -37.262030 -60.253130 0.920430 0.388389 -0.044292 -0.388390 0.895776 -0.216194 -0.044292 0.216194 0.975345 3742.dat
1 2 330.000000 -16.000000 -170.000000 1.000000 0.000000 0.000000 0.000000 1.000000 0.000000 0.000000 0.000000 1.000000 3741.dat
1 13 349.192800 -40.729640 -181.189200 0.913619 -0.403810 0.047298 0.403810 0.887722 -0.221105 0.047298 0.221105 0.974102 3742.dat
1 13 330.000000 -34.009130 -150.886700 1.000000 0.000000 0.000000 0.000000 0.900871 0.434086 0.000000 -0.434086 0.900871 3742.dat
1 13 312.138200 -37.262030 -180.253100 0.920430 0.388389 -0.044292 -0.388390 0.895776 -0.216194 -0.044292 0.216194 0.975345 3742.dat
1 2 430.000000 -10.000000 210.000000 1.000000 0.000000 0.000000 0.000000 1.000000 0.000000 0.000000 0.000000 1.000000 19119.dat
1 4 438.511300 -37.883790 195.446400 0.965384 -0.254298 0.058012 0.254298 0.868163 -0.426176 0.058012 0.426176 0.902778 24866.dat
1 4 455.945800 -22.388760 210.000000 0.358368 -0.933581 0.000000 0.933581 0.358368 0.000000 0.000000 0.000000 1.000000 24866.dat
1 4 416.289900 -23.236070 234.060600 -0.091562 0.493663 -0.864820 0.937983 0.334372 0.091561 0.334372 -0.802802 -0.493664 24866.dat
1 4 413.175500 -37.947810 210.000000 -0.871231 0.490874 0.000000 0.490874 0.871231 0.000000 0.000000 0.000000 -1.000000 24866.dat
1 4 438.453300 -37.732690 224.438500 -0.965079 -0.255462 -0.057983 -0.199592 0.860431 -0.468853 0.169664 -0.440907 -0.881371 24866.dat
1 4 417.147400 -22.413850 187.604300 -0.011206 0.455940 0.889940 0.915879 0.361855 -0.173856 -0.401297 0.813129 -0.421641 24866.dat
1 70 430.000000 -4.000000 210.000000 1.000000 0.000000 0.000000 0.000000 1.000000 0.000000 0.000000 0.000000 1.000000 85861.dat
1 2 410.000000 -10.000000 310.000000 1.000000 0.000000 0.000000 0.000000 1.000000 0.000000 0.000000 0.000000 1.000000 19119.dat
1 25 418.511300 -37.883790 295.446400 0.965384 -0.254298 0.058012 0.254298 0.868163 -0.426176 0.058012 0.426176 0.902778 24866.dat
1 25 435.945800 -22.388760 310.000000 0.358368 -0.933581 0.000000 0.933581 0.358368 0.000000 0.000000 0.000000 1.000000 24866.dat
1 25 396.289900 -23.236070 334.060600 -0.091562 0.493663 -0.864820 0.937983 0.334372 0.091561 0.334372 -0.802802 -0.493664 24866.dat
1 25 393.175500 -37.947810 310.000000 -0.871231 0.490874 0.000000 0.490874 0.871231 0.000000 0.000000 0.000000 -1.000000 24866.dat
1 25 418.453300 -37.732690 324.438500 -0.965079 -0.255462 -0.057983 -0.199592 0.860431 -0.468853 0.169664 -0.440907 -0.881371 24866.dat
1 25 397.147400 -22.413850 287.604300 -0.011206 0.455940 0.889940 0.915879 0.361855 -0.173856 -0.401297 0.813129 -0.421641 24866.dat
1 70 410.000000 -4.000000 310.000000 1.000000 0.000000 0.000000 0.000000 1.000000 0.000000 0.000000 0.000000 1.000000 85861.dat
1 2 290.000000 -10.000000 310.000000 1.000000 0.000000 0.000000 0.000000 1.000000 0.000000 0.000000 0.000000 1.000000 19119.dat
1 15 298.511300 -37.883790 295.446400 0.965384 -0.254298 0.058012 0.254298 0.868163 -0.426176 0.058012 0.426176 0.902778 24866.dat
1 15 315.945800 -22.388760 310.000000 0.358368 -0.933581 0.000000 0.933581 0.358368 0.000000 0.000000 0.000000 1.000000 24866.dat
1 15 276.289900 -23.236070 334.060600 -0.091562 0.493663 -0.864820 0.937983 0.334372 0.091561 0.334372 -0.802802 -0.493664 24866.dat
1 15 273.175500 -37.947810 310.000000 -0.871231 0.490874 0.000000 0.490874 0.871231 0.000000 0.000000 0.000000 -1.000000 24866.dat
1 15 298.453300 -37.732690 324.438500 -0.965079 -0.255462 -0.057983 -0.199592 0.860431 -0.468853 0.169664 -0.440907 -0.881371 24866.dat
1 15 277.147400 -22.413850 287.604300 -0.011206 0.455940 0.889940 0.915879 0.361855 -0.173856 -0.401297 0.813129 -0.421641 24866.dat
1 70 290.000000 -4.000000 310.000000 1.000000 0.000000 0.000000 0.000000 1.000000 0.000000 0.000000 0.000000 1.000000 85861.dat
1 308 10.000010 -24.000000 -1050.000000 1.000000 0.000000 0.000000 0.000000 1.000000 0.000000 0.000000 0.000000 1.000000 3062b.dat
1 308 10.000010 -48.000000 -1050.000000 1.000000 0.000000 0.000000 0.000000 1.000000 0.000000 0.000000 0.000000 1.000000 3062b.dat
1 308 10.000010 -72.000000 -1050.000000 1.000000 0.000000 0.000000 0.000000 1.000000 0.000000 0.000000 0.000000 1.000000 3062b.dat
1 10 10.000010 -80.000000 -1050.000000 1.000000 0.000000 0.000000 0.000000 1.000000 0.000000 0.000000 0.000000 1.000000 2417.dat
1 10 10.000010 -88.000000 -1050.000000 -1.000000 0.000000 0.000000 0.000000 1.000000 0.000000 0.000000 0.000000 -1.000000 2423.dat
1 2 10.000010 -96.000000 -1050.000000 0.342010 0.000000 0.939691 0.000000 1.000000 0.000000 -0.939691 0.000000 0.342010 2417.dat
1 10 9.999975 -104.000000 -1050.000000 -0.342010 0.000000 -0.939691 0.000000 1.000000 0.000000 0.939691 0.000000 -0.342010 2423.dat
1 10 9.999975 -112.000000 -1050.000000 -0.766050 0.000000 0.642781 0.000000 1.000000 0.000000 -0.642781 0.000000 -0.766050 2417.dat
1 10 9.999914 -120.000000 -1050.000000 0.766050 0.000000 -0.642781 0.000000 1.000000 0.000000 0.642781 0.000000 0.766051 2423.dat
1 2 9.999914 -128.000000 -1050.000000 -0.866021 0.000000 -0.500005 0.000000 1.000000 0.000000 0.500005 0.000000 -0.866021 2417.dat
1 10 9.999945 -136.000000 -1050.000000 0.866021 0.000000 0.500006 0.000000 1.000000 0.000000 -0.500005 0.000000 0.866021 2423.dat
1 10 9.999945 -144.000000 -1050.000000 0.500006 0.000000 -0.866022 0.000000 1.000000 0.000000 0.866022 0.000000 0.500006 2423.dat
1 10 9.999945 -152.000000 -1050.000000 -0.965928 0.000000 0.258812 0.000000 1.000000 0.000000 -0.258812 0.000000 -0.965928 2423.dat
1 2 9.999945 -160.000000 -1050.000000 0.819157 0.000000 -0.573570 0.000000 1.000000 0.000000 0.573570 0.000000 0.819157 32607.dat
1 10 9.999945 -168.000000 -1050.000000 -0.736104 0.000000 0.676869 0.000000 1.000000 0.000000 -0.676869 0.000000 -0.736104 32607.dat
1 308 -9.999988 -24.000000 -790.000000 1.000000 0.000000 0.000000 0.000000 1.000000 0.000000 0.000000 0.000000 1.000000 3062b.dat
1 308 -9.999988 -48.000000 -790.000000 1.000000 0.000000 0.000000 0.000000 1.000000 0.000000 0.000000 0.000000 1.000000 3062b.dat
1 308 -9.999988 -72.000000 -790.000000 1.000000 0.000000 0.000000 0.000000 1.000000 0.000000 0.000000 0.000000 1.000000 3062b.dat
1 10 -9.999988 -80.000000 -790.000000 1.000000 0.000000 0.000000 0.000000 1.000000 0.000000 0.000000 0.000000 1.000000 2417.dat
1 2 -9.999988 -88.000000 -790.000000 -1.000000 0.000000 0.000000 0.000000 1.000000 0.000000 0.000000 0.000000 -1.000000 2423.dat
1 2 -9.999988 -96.000000 -790.000000 0.500004 0.000000 -0.866022 0.000000 1.000000 0.000000 0.866022 0.000000 0.500004 2417.dat
1 10 -9.999988 -104.000000 -790.000000 -0.500003 0.000000 0.866022 0.000000 1.000000 0.000000 -0.866022 0.000000 -0.500003 2423.dat
1 10 -9.999988 -112.000000 -790.000000 0.499986 0.000000 0.866031 0.000000 1.000000 0.000000 -0.866031 0.000000 0.499986 2417.dat
1 2 -10.000230 -120.000000 -790.000000 -0.499986 0.000000 -0.866030 0.000000 1.000000 0.000000 0.866030 0.000000 -0.499986 2423.dat
1 10 -10.000230 -128.000000 -790.000000 1.000000 0.000000 0.000016 0.000000 1.000000 0.000000 -0.000016 0.000000 1.000000 2423.dat
1 2 -10.000230 -136.000000 -790.000000 -0.500019 0.000000 0.866015 0.000000 1.000000 0.000000 -0.866015 0.000000 -0.500019 2423.dat
1 10 -10.000230 -144.000000 -790.000000 1.000000 0.000000 0.000025 0.000000 1.000000 0.000000 -0.000025 0.000000 1.000000 32607.dat
1 10 -10.000230 -152.000000 -790.000000 -1.000000 0.000000 -0.000025 0.000000 1.000000 0.000000 0.000025 0.000000 -1.000000 32607.dat
1 308 -29.999990 -24.000000 -570.000000 1.000000 0.000000 0.000000 0.000000 1.000000 0.000000 0.000000 0.000000 1.000000 3062b.dat
1 308 -29.999990 -48.000000 -570.000000 1.000000 0.000000 0.000000 0.000000 1.000000 0.000000 0.000000 0.000000 1.000000 3062b.dat
1 2 -30.000020 -56.000000 -570.000000 0.000000 0.000000 -1.000000 0.000000 1.000000 0.000000 1.000000 0.000000 0.000000 2423.dat
1 10 -29.998860 -64.000000 -569.998800 0.866024 0.000000 0.500004 0.000000 1.000000 0.000000 -0.500000 0.000000 0.866027 2423.dat
1 10 -29.998860 -72.000000 -569.998800 -0.866032 0.000000 0.499993 0.000000 1.000000 0.000000 -0.499995 0.000000 -0.866030 2423.dat
1 2 -29.999990 -72.000000 -570.000000 -0.819152 0.000000 -0.573577 0.000000 1.000000 0.000000 0.573577 0.000000 -0.819152 2423.dat
1 2 -29.998860 -80.000000 -569.998800 0.866027 0.000000 -0.499997 0.000000 1.000000 0.000000 0.499997 0.000000 0.866027 2423.dat
1 10 -29.998850 -88.000000 -569.998800 -0.000003 0.000000 1.000000 0.000000 1.000000 0.000000 -1.000000 0.000000 -0.000003 2423.dat
1 10 -29.998860 -96.000000 -569.998800 1.000000 0.000000 0.000025 0.000000 1.000000 0.000000 -0.000025 0.000000 1.000000 32607.dat
1 2 -29.998850 -104.000000 -569.998800 -1.000000 0.000000 -0.000025 0.000000 1.000000 0.000000 0.000025 0.000000 -1.000000 32607.dat
1 308 30.000000 -48.000000 -1290.000000 1.000000 0.000000 0.000000 0.000000 1.000000 0.000000 0.000000 0.000000 1.000000 3062b.dat
1 308 30.000000 -72.000000 -1290.000000 1.000000 0.000000 0.000000 0.000000 1.000000 0.000000 0.000000 0.000000 1.000000 3062b.dat
1 308 30.000000 -96.000000 -1290.000000 1.000000 0.000000 0.000000 0.000000 1.000000 0.000000 0.000000 0.000000 1.000000 3062b.dat
1 2 30.000000 -104.000000 -1290.000000 1.000000 0.000000 0.000000 0.000000 1.000000 0.000000 0.000000 0.000000 1.000000 2417.dat
1 10 30.000000 -112.000000 -1290.000000 -1.000000 0.000000 0.000000 0.000000 1.000000 0.000000 0.000000 0.000000 -1.000000 2423.dat
1 10 30.000000 -120.000000 -1290.000000 0.342010 0.000000 0.939691 0.000000 1.000000 0.000000 -0.939691 0.000000 0.342010 2417.dat
1 2 29.999980 -128.000000 -1290.000000 -0.342010 0.000000 -0.939691 0.000000 1.000000 0.000000 0.939691 0.000000 -0.342010 2423.dat
1 2 29.999980 -136.000000 -1290.000000 -0.766050 0.000000 0.642781 0.000000 1.000000 0.000000 -0.642781 0.000000 -0.766050 2417.dat
1 10 29.999910 -144.000000 -1290.000000 0.766050 0.000000 -0.642781 0.000000 1.000000 0.000000 0.642781 0.000000 0.766051 2423.dat
1 10 29.999910 -152.000000 -1290.000000 -0.866021 0.000000 -0.500005 0.000000 1.000000 0.000000 0.500005 0.000000 -0.866021 2417.dat
1 308 30.000000 -24.000000 -1290.000000 1.000000 0.000000 0.000000 0.000000 1.000000 0.000000 0.000000 0.000000 1.000000 3062b.dat
1 10 29.999910 -160.000000 -1290.000000 0.866022 0.000000 0.500006 0.000000 1.000000 0.000000 -0.500006 0.000000 0.866022 2423.dat
1 2 29.999910 -168.000000 -1290.000000 -0.342030 0.000000 0.939689 0.000000 1.000000 0.000000 -0.939689 0.000000 -0.342030 2417.dat
1 2 30.000000 -176.000000 -1290.000000 0.342029 0.000000 -0.939692 0.000000 1.000000 0.000000 0.939690 0.000000 0.342030 2423.dat
1 10 30.000000 -184.000000 -1290.000000 1.000000 0.000000 0.000012 0.000000 1.000000 0.000000 -0.000012 0.000000 1.000000 2417.dat
1 10 29.999730 -192.000000 -1290.000000 -1.000000 0.000000 -0.000011 0.000000 1.000000 0.000000 0.000011 0.000000 -1.000003 2423.dat
1 10 29.999680 -216.000000 -1290.000000 -0.499985 0.000000 -0.866033 0.000000 1.000000 0.000000 0.866034 0.000000 -0.499986 32607.dat
1 10 29.999630 -224.000000 -1290.000000 0.610133 0.000000 0.792302 0.000000 1.000000 0.000000 -0.792302 0.000000 0.610132 32607.dat
1 10 29.999660 -200.000000 -1290.000000 0.500012 0.000000 -0.866019 0.000000 1.000000 0.000000 0.866019 0.000000 0.500012 2423.dat
1 2 29.999660 -208.000000 -1290.000000 0.499986 0.000000 0.866034 0.000000 1.000000 0.000000 -0.866034 0.000000 0.499986 2423.dat
1 27 290.000000 0.000000 690.000000 1.000000 0.000000 0.000000 0.000000 1.000000 0.000000 0.000000 0.000000 1.000000 15279.dat
1 330 290.000000 0.000000 770.000000 1.000000 0.000000 0.000000 0.000000 1.000000 0.000000 0.000000 0.000000 1.000000 15279.dat
1 70 410.000000 -8.000000 -450.000000 -1.000000 0.000000 0.000000 0.000000 1.000000 0.000000 0.000000 0.000000 -1.000000 85861.dat
1 2 370.000000 -16.000000 -490.000000 1.000000 0.000000 0.000000 0.000000 1.000000 0.000000 0.000000 0.000000 1.000000 2417.dat
1 2 370.000000 -24.000000 -410.000000 -1.000000 0.000000 0.000000 0.000000 1.000000 0.000000 0.000000 0.000000 -1.000000 2417.dat
1 70 330.000000 -8.000000 -450.000000 -1.000000 0.000000 0.000000 0.000000 1.000000 0.000000 0.000000 0.000000 -1.000000 85861.dat
1 10 370.000000 -16.000000 -350.000000 0.000000 0.000000 -1.000000 0.000000 1.000000 0.000000 1.000000 0.000000 0.000000 2423.dat
1 10 370.000000 -8.000000 -550.000000 0.000000 0.000000 1.000000 0.000000 1.000000 0.000000 -1.000000 0.000000 0.000000 2423.dat
1 70 450.000000 -8.000000 -10.000000 1.000000 0.000000 0.000000 0.000000 1.000000 0.000000 0.000000 0.000000 1.000000 85861.dat
1 2 450.000000 -15.999990 -10.000000 -1.000000 0.000000 0.000000 0.000000 1.000000 0.000000 0.000000 0.000000 -1.000000 24866.dat
1 2 490.000000 -16.000000 -230.000000 1.000000 0.000000 0.000000 0.000000 1.000000 0.000000 0.000000 0.000000 1.000000 3741.dat
1 2 470.000000 -16.000000 -210.000000 1.000000 0.000000 0.000000 0.000000 1.000000 0.000000 0.000000 0.000000 1.000000 3741.dat
1 2 490.000000 -16.000000 -190.000000 1.000000 0.000000 0.000000 0.000000 1.000000 0.000000 0.000000 0.000000 1.000000 3741.dat
1 2 470.000000 -16.000000 -170.000000 1.000000 0.000000 0.000000 0.000000 1.000000 0.000000 0.000000 0.000000 1.000000 3741.dat
1 2 490.000000 -16.000000 -150.000000 1.000000 0.000000 0.000000 0.000000 1.000000 0.000000 0.000000 0.000000 1.000000 3741.dat
1 2 470.000000 -16.000000 -130.000000 1.000000 0.000000 0.000000 0.000000 1.000000 0.000000 0.000000 0.000000 1.000000 3741.dat
1 2 490.000000 -16.000000 -110.000000 1.000000 0.000000 0.000000 0.000000 1.000000 0.000000 0.000000 0.000000 1.000000 3741.dat
1 2 470.000000 -16.000000 -90.000000 1.000000 0.000000 0.000000 0.000000 1.000000 0.000000 0.000000 0.000000 1.000000 3741.dat
1 2 490.000000 -16.000000 -270.000000 1.000000 0.000000 0.000000 0.000000 1.000000 0.000000 0.000000 0.000000 1.000000 3741.dat
1 2 470.000000 -16.000000 -250.000000 1.000000 0.000000 0.000000 0.000000 1.000000 0.000000 0.000000 0.000000 1.000000 3741.dat
1 308 -30.000000 -120.000000 -1630.000000 1.000000 0.000000 0.000000 0.000000 1.000000 0.000000 0.000000 0.000000 1.000000 3062b.dat
1 308 -30.000000 -144.000000 -1630.000000 1.000000 0.000000 0.000000 0.000000 1.000000 0.000000 0.000000 0.000000 1.000000 3062b.dat
1 308 -30.000000 -168.000000 -1630.000000 1.000000 0.000000 0.000000 0.000000 1.000000 0.000000 0.000000 0.000000 1.000000 3062b.dat
1 2 -30.000000 -176.000000 -1630.000000 1.000000 0.000000 0.000000 0.000000 1.000000 0.000000 0.000000 0.000000 1.000000 2417.dat
1 2 -30.000000 -184.000000 -1630.000000 -1.000000 0.000000 0.000000 0.000000 1.000000 0.000000 0.000000 0.000000 -1.000000 2423.dat
1 2 -30.000000 -192.000000 -1630.000000 0.342010 0.000000 0.939691 0.000000 1.000000 0.000000 -0.939691 0.000000 0.342010 2417.dat
1 2 -30.000000 -200.000000 -1630.000000 -0.342010 0.000000 -0.939691 0.000000 1.000000 0.000000 0.939691 0.000000 -0.342010 2423.dat
1 2 -30.000000 -208.000000 -1630.000000 -0.766050 0.000000 0.642781 0.000000 1.000000 0.000000 -0.642781 0.000000 -0.766050 2417.dat
1 2 -30.000120 -216.000000 -1630.000000 0.766050 0.000000 -0.642781 0.000000 1.000000 0.000000 0.642781 0.000000 0.766050 2423.dat
1 2 -30.000120 -224.000000 -1630.000000 -0.866021 0.000000 -0.500005 0.000000 1.000000 0.000000 0.500005 0.000000 -0.866021 2417.dat
1 308 -30.000000 -96.000000 -1630.000000 1.000000 0.000000 0.000000 0.000000 1.000000 0.000000 0.000000 0.000000 1.000000 3062b.dat
1 2 -30.000120 -232.000000 -1630.000000 0.866022 0.000000 0.500006 0.000000 1.000000 0.000000 -0.500006 0.000000 0.866022 2423.dat
1 2 -30.000060 -240.000000 -1630.000000 -0.342030 0.000000 0.939689 0.000000 1.000000 0.000000 -0.939689 0.000000 -0.342030 2417.dat
1 2 -30.000000 -248.000000 -1630.000000 0.342029 0.000000 -0.939692 0.000000 1.000000 0.000000 0.939690 0.000000 0.342030 2423.dat
1 2 -30.000000 -256.000000 -1630.000000 1.000000 0.000000 0.000012 0.000000 1.000000 0.000000 -0.000012 0.000000 1.000000 2417.dat
1 2 -30.000000 -264.000000 -1630.000000 -1.000000 0.000000 -0.000012 0.000000 1.000000 0.000000 0.000012 0.000000 -1.000000 2423.dat
1 2 -30.016610 -384.000000 -1629.998000 0.500005 0.000000 -0.866012 0.000000 1.000000 0.000000 0.866011 0.000000 0.500026 32607.dat
1 2 -30.022440 -392.000000 -1629.993000 -0.381080 0.000000 0.924541 0.000000 1.000000 0.000000 -0.924538 0.000000 -0.381101 32607.dat
1 2 -30.006530 -368.000000 -1630.010000 0.000027 0.000000 -0.999998 0.000000 1.000000 0.000000 1.000001 0.000000 0.000026 2423.dat
1 2 -30.016550 -376.000000 -1629.997000 0.866012 0.000000 0.500004 0.000000 1.000000 0.000000 -0.500026 0.000000 0.866011 2423.dat
1 308 -30.000000 -48.000000 -1630.000000 1.000000 0.000000 0.000000 0.000000 1.000000 0.000000 0.000000 0.000000 1.000000 3062b.dat
1 308 -30.000000 -72.000000 -1630.000000 1.000000 0.000000 0.000000 0.000000 1.000000 0.000000 0.000000 0.000000 1.000000 3062b.dat
1 308 -30.000000 -24.000000 -1630.000000 1.000000 0.000000 0.000000 0.000000 1.000000 0.000000 0.000000 0.000000 1.000000 3062b.dat
1 2 -30.000000 -272.000000 -1630.000000 -0.499987 0.000000 -0.866033 0.000000 1.000000 0.000000 0.866033 0.000000 -0.499987 2417.dat
1 2 -29.999930 -280.000000 -1630.000000 0.499987 0.000000 0.866033 0.000000 1.000000 0.000000 -0.866033 0.000000 0.499987 2423.dat
1 2 -29.999930 -288.000000 -1630.000000 0.642803 0.000000 -0.766025 0.000000 1.000000 0.000000 0.766025 0.000000 0.642803 2417.dat
1 2 -29.999930 -296.000000 -1630.000000 -0.642803 0.000000 0.766025 0.000000 1.000000 0.000000 -0.766025 0.000000 -0.642803 2423.dat
1 2 -29.999930 -304.000000 -1630.000000 0.939685 0.000000 0.342043 0.000000 1.000000 0.000000 -0.342043 0.000000 0.939685 2417.dat
1 2 -29.999930 -312.000000 -1630.000000 -0.939685 0.000000 -0.342043 0.000000 1.000000 0.000000 0.342043 0.000000 -0.939685 2423.dat
1 2 -29.999930 -320.000000 -1630.000000 -0.000022 0.000000 0.999999 0.000000 1.000000 0.000000 -0.999999 0.000000 -0.000022 2417.dat
1 2 -29.999930 -328.000000 -1630.000000 0.000022 0.000000 -1.000000 0.000000 1.000000 0.000000 1.000000 0.000000 0.000022 2423.dat
1 2 -29.999930 -336.000000 -1630.000000 0.984813 0.000000 -0.173623 0.000000 1.000000 0.000000 0.173623 0.000000 0.984813 2417.dat
1 2 -30.000430 -344.000000 -1630.000000 -0.984813 0.000000 0.173624 0.000000 1.000000 0.000000 -0.173624 0.000000 -0.984815 2423.dat
1 2 -30.000430 -352.000000 -1630.000000 -0.499977 0.000000 -0.866039 0.000000 1.000000 0.000000 0.866039 0.000000 -0.499977 2417.dat
1 2 -30.006530 -360.000000 -1630.010000 -0.866039 0.000000 0.499974 0.000000 1.000000 0.000000 -0.499977 0.000000 -0.866039 2423.dat
1 70 450.000000 -8.000000 30.000000 1.000000 0.000000 0.000000 0.000000 1.000000 0.000000 0.000000 0.000000 1.000000 85861.dat
1 2 450.000000 -15.999990 30.000000 -1.000000 0.000000 0.000000 0.000000 1.000000 0.000000 0.000000 0.000000 -1.000000 24866.dat
1 2 450.000000 -23.999990 30.000000 -1.000000 0.000000 0.000000 0.000000 1.000000 0.000000 0.000000 0.000000 -1.000000 24866.dat
1 70 450.000000 -8.000000 70.000000 1.000000 0.000000 0.000000 0.000000 1.000000 0.000000 0.000000 0.000000 1.000000 85861.dat
1 10 450.000000 -15.999990 69.999990 -1.000000 0.000000 0.000000 0.000000 1.000000 0.000000 0.000000 0.000000 -1.000000 24866.dat
1 70 450.000000 -8.000000 110.000000 1.000000 0.000000 0.000000 0.000000 1.000000 0.000000 0.000000 0.000000 1.000000 85861.dat
1 10 450.000000 -15.999990 110.000000 -1.000000 0.000000 0.000000 0.000000 1.000000 0.000000 0.000000 0.000000 -1.000000 24866.dat
1 10 450.000000 -23.999990 110.000000 -1.000000 0.000000 0.000000 0.000000 1.000000 0.000000 0.000000 0.000000 -1.000000 24866.dat
1 70 550.000000 -8.000000 -10.000000 1.000000 0.000000 0.000000 0.000000 1.000000 0.000000 0.000000 0.000000 1.000000 85861.dat
1 27 550.000000 -15.999960 -10.000050 -1.000000 0.000000 0.000000 0.000000 1.000000 0.000000 0.000000 0.000000 -1.000000 24866.dat
1 70 549.999900 -7.999957 29.999970 1.000000 0.000000 0.000000 0.000000 1.000000 0.000000 0.000000 0.000000 1.000000 85861.dat
1 27 550.000000 -15.999950 29.999970 -1.000000 0.000000 0.000000 0.000000 1.000000 0.000000 0.000000 0.000000 -1.000000 24866.dat
1 27 550.000000 -23.999950 29.999970 -1.000000 0.000000 0.000000 0.000000 1.000000 0.000000 0.000000 0.000000 -1.000000 24866.dat
1 308 -50.000000 -24.000000 -2110.000000 1.000000 0.000000 0.000000 0.000000 1.000000 0.000000 0.000000 0.000000 1.000000 3062b.dat
1 308 -50.000000 -48.000000 -2110.000000 1.000000 0.000000 0.000000 0.000000 1.000000 0.000000 0.000000 0.000000 1.000000 3062b.dat
1 308 -50.000000 -72.000000 -2110.000000 1.000000 0.000000 0.000000 0.000000 1.000000 0.000000 0.000000 0.000000 1.000000 3062b.dat
1 308 -70.000000 -24.000000 -1890.000000 1.000000 0.000000 0.000000 0.000000 1.000000 0.000000 0.000000 0.000000 1.000000 3062b.dat
1 308 -70.000000 -48.000000 -1890.000000 1.000000 0.000000 0.000000 0.000000 1.000000 0.000000 0.000000 0.000000 1.000000 3062b.dat
